Image_975.jpg	Image_975_scaled_90_crop_7_13_rot_3.jpg	40	41	38	0.9382716049382716	0.48726933333333333	0.6897401904761905	4.252326011657715
Image_975.jpg	Image_975_scaled_106_crop_29_8_rot_358_blur_3_3.jpg	40	38	31	0.7948717948717948	0.44253180952380955	0.6603131428571428	4.368089437484741
Image_975.jpg	Image_975_scaled_84_crop_13_34_blur_1_1.jpg	40	38	36	0.9230769230769231	0.4826163809523809	0.6669904761904762	4.655180931091309
Image_975.jpg	Image_975_scaled_93_crop_38_16_rot_4_blur_1_1.jpg	40	34	32	0.8648648648648649	0.5022438095238095	0.6719862857142858	5.2661120891571045
Image_975.jpg	Image_975_scaled_93_crop_38_16_rot_4_blur_4_4.jpg	40	3	0	0.0	0.024687238095238095	0.08973333333333333	5.269064903259277
Image_975.jpg	Image_975_scaled_102_crop_36_25_rot_356.jpg	40	34	32	0.8648648648648649	0.4628419047619048	0.6361478095238096	5.293163537979126
Image_975.jpg	Image_975_scaled_98_crop_39_19_rot_1.jpg	40	35	34	0.9066666666666666	0.463696	0.6495001904761905	4.5072643756866455
Image_975.jpg	Image_975_scaled_102_crop_28_38_rot_356.jpg	40	34	33	0.8918918918918919	0.4686445714285714	0.6385828571428571	4.851513624191284
Image_975.jpg	Image_975_scaled_84_crop_34_17_rot_5.jpg	40	34	31	0.8378378378378378	0.42618209523809525	0.6130544761904761	4.740257024765015
Image_975.jpg	Image_975_scaled_111_crop_10_20_rot_357_blur_4_4.jpg	40	36	35	0.9210526315789473	0.4924358095238095	0.7272891428571429	4.720994710922241
Image_975.jpg	Image_975_scaled_84_crop_19_9_blur_1_1.jpg	40	41	37	0.9135802469135802	0.5081051428571428	0.6974834285714285	5.200474500656128
Image_975.jpg	Image_975_scaled_117_crop_15_22_blur_4_4.jpg	40	156	0	0.0	0.071463619047619	0.24125028571428572	5.3031275272369385
Image_975.jpg	Image_975_scaled_93_crop_38_6_rot_356_blur_3_3.jpg	40	41	0	0.0	0.0432312380952381	0.20197790476190478	5.161315441131592
Image_975.jpg	Image_975_scaled_106_crop_31_2_rot_355_blur_3_3.jpg	40	35	34	0.9066666666666666	0.5168228571428571	0.7099733333333333	4.827931880950928
Image_975.jpg	Image_975_scaled_94_crop_18_13_rot_3_blur_1_1.jpg	40	41	37	0.9135802469135802	0.5122910476190476	0.6982118095238096	5.424575567245483
Image_975.jpg	Image_975_scaled_84_crop_5_16_blur_2_2.jpg	40	38	37	0.9487179487179487	0.4728106666666667	0.7703260952380953	5.667451620101929
Image_975.jpg	Image_975_scaled_109_crop_13_15_blur_1_1.jpg	40	40	37	0.925	0.535936	0.7155344761904762	5.042396783828735
Image_975.jpg	Image_975_scaled_93_crop_37_18_rot_358_blur_1_1.jpg	40	34	33	0.8918918918918919	0.4918095238095238	0.6663177142857143	5.545766830444336
Image_975.jpg	Image_975_scaled_117_crop_28_1_blur_4_4.jpg	40	11	0	0.0	0.03711238095238101	0.188448	5.255218744277954
Image_975.jpg	Image_975_scaled_93_crop_27_26_rot_2_blur_3_3.jpg	40	33	19	0.5205479452054794	0.30218590476190477	0.5046689523809523	4.445113182067871
Image_975.jpg	Image_975_scaled_93_crop_37_18_rot_358_blur_2_2.jpg	40	33	26	0.7123287671232876	0.3904457142857143	0.655696	4.512681245803833
Image_975.jpg	Image_975_scaled_111_crop_9_27_rot_357_blur_1_1.jpg	40	39	38	0.9620253164556962	0.5558468571428572	0.7244388571428572	5.153876304626465
Image_975.jpg	Image_975_scaled_117_crop_4_19_blur_1_1.jpg	40	40	38	0.95	0.5259192380952381	0.7128434285714286	4.871456623077393
Image_975.jpg	Image_975_scaled_111_crop_14_18_rot_5_blur_2_2.jpg	40	38	34	0.8461538461538461	0.4445051428571428	0.7201173333333334	5.325745582580566
Image_975.jpg	Image_975_scaled_117_crop_4_19_blur_2_2.jpg	40	40	38	0.95	0.5294529523809524	0.800183619047619	4.867337942123413
Image_975.jpg	Image_975_scaled_102_crop_19_1_rot_3.jpg	40	38	38	0.9743589743589743	0.5175177142857144	0.7037539047619048	5.202375650405884
Image_975.jpg	Image_975_scaled_117_crop_4_19_blur_3_3.jpg	40	40	38	0.95	0.4944830476190476	0.7009691428571428	5.659946918487549
Image_975.jpg	Image_975_scaled_111_crop_13_22.jpg	40	40	38	0.95	0.5601165714285714	0.726808380952381	5.134170770645142
Image_975.jpg	Image_975_scaled_90_crop_16_6_rot_357.jpg	40	3	0	0.0	0.01705371428571434	0.08684342857142857	5.356931686401367
Image_975.jpg	Image_975_scaled_93_crop_27_26_rot_358_blur_2_2.jpg	40	36	34	0.8947368421052632	0.4431946666666666	0.7152365714285714	5.69287371635437
Image_975.jpg	Image_975_scaled_117_crop_24_32_blur_4_4.jpg	40	16	0	0.0	0.042142476190476175	0.201808	5.726214647293091
Image_975.jpg	Image_975_scaled_102_crop_28_38_rot_357.jpg	40	36	33	0.868421052631579	0.4687390476190476	0.6425660952380953	5.504457950592041
Image_975.jpg	Image_975_scaled_109_crop_39_25_blur_4_4.jpg	40	34	31	0.8378378378378378	0.4339062857142857	0.658391619047619	5.23997950553894
Image_975.jpg	Image_975_scaled_106_crop_31_2_rot_5_blur_4_4.jpg	40	33	32	0.8767123287671232	0.467463619047619	0.699943619047619	5.859036445617676
Image_975.jpg	Image_975_scaled_93_crop_38_16_rot_4_blur_3_3.jpg	40	14	0	0.0	0.050519619047619035	0.24269028571428572	5.229532480239868
Image_975.jpg	Image_975_scaled_93_crop_37_18_rot_3_blur_2_2.jpg	40	33	26	0.7123287671232876	0.3904457142857143	0.655696	5.1001434326171875
Image_975.jpg	Image_975_scaled_90_crop_20_19_rot_5.jpg	40	34	33	0.8918918918918919	0.46269638095238097	0.6528457142857143	5.800392150878906
Image_975.jpg	Image_975_scaled_86_crop_15_27.jpg	40	37	36	0.935064935064935	0.48376685714285717	0.6712937142857143	5.830117464065552
Image_975.jpg	Image_975_scaled_84_crop_29_37_blur_1_1.jpg	40	38	34	0.8717948717948718	0.45787352380952384	0.6355550476190476	5.537089586257935
Image_975.jpg	Image_975_scaled_86_crop_13_17.jpg	40	39	36	0.9113924050632911	0.49032990476190474	0.687847619047619	6.1846935749053955
Image_975.jpg	Image_975_scaled_94_crop_19_8_rot_357_blur_1_1.jpg	40	39	36	0.9113924050632911	0.4856060952380953	0.6838095238095238	5.858253479003906
Image_975.jpg	Image_975_scaled_94_crop_25_1_rot_1_blur_2_2.jpg	40	36	35	0.9210526315789473	0.489136	0.7729348571428571	5.33062744140625
Image_975.jpg	Image_975_scaled_98_crop_39_19_rot_357.jpg	40	35	33	0.88	0.4704815238095238	0.6438179047619048	4.7451276779174805
Image_975.jpg	Image_975_scaled_94_crop_25_1_rot_356_blur_4_4.jpg	40	33	30	0.821917808219178	0.4229691428571428	0.666536380952381	5.73929238319397
Image_975.jpg	Image_975_scaled_93_crop_27_26_rot_2_blur_4_4.jpg	40	182	0	0.0	0.04681904761904765	0.24774095238095237	5.9266908168792725
Image_975.jpg	Image_975_scaled_106_crop_29_8_rot_5_blur_3_3.jpg	40	38	31	0.7948717948717948	0.44253180952380955	0.6603131428571428	5.305305480957031
Image_975.jpg	Image_975_scaled_94_crop_18_13_rot_355_blur_3_3.jpg	40	38	33	0.8461538461538461	0.4515908571428572	0.6670544761904762	5.629631757736206
Image_975.jpg	Image_975_scaled_93_crop_38_16_rot_358_blur_2_2.jpg	40	34	31	0.8378378378378378	0.42216	0.6888441904761905	5.418004274368286
Image_975.jpg	Image_975_scaled_106_crop_27_23_rot_358_blur_1_1.jpg	40	38	37	0.9487179487179487	0.48944457142857145	0.6755436190476191	4.985859155654907
Image_975.jpg	Image_975_scaled_119_crop_8_35_blur_3_3.jpg	40	40	37	0.925	0.514887619047619	0.7037211428571428	5.099891424179077
Image_975.jpg	Image_975_scaled_98_crop_35_12_rot_359.jpg	40	37	34	0.8831168831168831	0.4696015238095238	0.6583900952380952	5.736386775970459
Image_975.jpg	Image_975_scaled_109_crop_13_15_blur_4_4.jpg	40	39	34	0.8607594936708861	0.46705295238095235	0.7093988571428571	6.020796537399292
Image_975.jpg	Image_975_scaled_117_crop_15_22_blur_3_3.jpg	40	36	35	0.9210526315789473	0.5151390476190476	0.7054681904761905	5.830651760101318
Image_975.jpg	Image_975_scaled_84_crop_13_28_rot_358.jpg	40	38	36	0.9230769230769231	0.44700799999999996	0.6475702857142858	5.415302276611328
Image_975.jpg	Image_975_scaled_111_crop_28_2.jpg	40	40	37	0.925	0.5505363809523809	0.7216167619047619	5.728783845901489
Image_975.jpg	Image_975_scaled_106_crop_29_8_rot_358_blur_4_4.jpg	40	38	28	0.717948717948718	0.4145173333333333	0.662615619047619	5.066284894943237
Image_975.jpg	Image_975_scaled_111_crop_3_36_rot_4_blur_3_3.jpg	40	37	34	0.8831168831168831	0.45631999999999995	0.6673249523809524	5.169227361679077
Image_975.jpg	Image_975_scaled_111_crop_3_36_rot_4_blur_4_4.jpg	40	68	0	0.0	0.03260799999999997	0.0995832380952381	5.905307292938232
Image_975.jpg	Image_975_scaled_111_crop_9_27_rot_357_blur_4_4.jpg	40	24	0	0.0	0.015964952380952413	0.09965714285714286	5.236861705780029
Image_975.jpg	Image_975_scaled_94_crop_7_17_rot_4_blur_2_2.jpg	40	40	39	0.975	0.46281523809523806	0.75504	5.599552631378174
Image_975.jpg	Image_975_scaled_111_crop_10_20_rot_357_blur_1_1.jpg	40	38	37	0.9487179487179487	0.5635954285714286	0.7319641904761904	5.321517705917358
Image_975.jpg	Image_975_scaled_111_crop_3_36_rot_4_blur_2_2.jpg	40	38	36	0.9230769230769231	0.48887238095238095	0.7620106666666666	6.100545644760132
Image_975.jpg	Image_975_scaled_111_crop_3_36_rot_3_blur_2_2.jpg	40	38	36	0.9230769230769231	0.48887238095238095	0.7620106666666666	5.993644714355469
Image_975.jpg	Image_975_scaled_94_crop_19_8_rot_357_blur_2_2.jpg	40	40	37	0.925	0.45776533333333336	0.7418605714285714	5.160823345184326
Image_975.jpg	Image_975_scaled_119_crop_8_35_blur_2_2.jpg	40	41	36	0.8888888888888888	0.45902476190476194	0.7284007619047619	5.336843967437744
Image_975.jpg	Image_975_scaled_111_crop_9_27_rot_357_blur_2_2.jpg	40	39	36	0.9113924050632911	0.4506179047619048	0.7280304761904762	5.846373796463013
Image_975.jpg	Image_975_scaled_102_crop_25_12_rot_358.jpg	40	39	34	0.8607594936708861	0.4833737142857143	0.6724487619047619	4.636354923248291
Image_975.jpg	Image_975_scaled_111_crop_9_27_rot_357_blur_3_3.jpg	40	37	36	0.935064935064935	0.49908419047619046	0.6989020952380952	5.977114200592041
Image_975.jpg	Image_975_scaled_98_crop_32_17_rot_1.jpg	40	38	36	0.9230769230769231	0.49627428571428567	0.6747558095238095	5.38092565536499
Image_975.jpg	Image_975_scaled_111_crop_26_16.jpg	40	39	37	0.9367088607594937	0.52	0.6971116190476191	6.206540584564209
Image_975.jpg	Image_975_scaled_94_crop_25_1_rot_356_blur_3_3.jpg	40	237	0	0.0	0.10035809523809525	0.28751390476190475	6.439865589141846
Image_975.jpg	Image_975_scaled_111_crop_14_18_rot_5_blur_1_1.jpg	40	39	37	0.9367088607594937	0.5338415238095238	0.7137897142857142	5.307430982589722
Image_975.jpg	Image_975_scaled_111_crop_10_20_rot_1_blur_3_3.jpg	40	37	36	0.935064935064935	0.5256342857142857	0.7190750476190476	6.799547910690308
Image_975.jpg	Image_975_scaled_93_crop_27_26_rot_2_blur_1_1.jpg	40	37	35	0.9090909090909091	0.49981333333333333	0.6726339047619048	6.557556629180908
Image_975.jpg	Image_975_scaled_111_crop_10_20_rot_1_blur_2_2.jpg	40	39	38	0.9620253164556962	0.5151550476190476	0.7898224761904762	7.037373065948486
Image_975.jpg	Image_975_scaled_93_crop_38_16_rot_358_blur_4_4.jpg	40	3	0	0.0	0.024687238095238095	0.08973333333333333	7.0015387535095215
Image_975.jpg	Image_975_scaled_84_crop_13_34_blur_2_2.jpg	40	36	35	0.9210526315789473	0.4322140952380953	0.7117630476190476	6.84664249420166
Image_975.jpg	Image_975_scaled_90_crop_20_19_rot_356.jpg	40	36	36	0.9473684210526315	0.4755108571428571	0.6620205714285714	6.943555116653442
Image_975.jpg	Image_975_scaled_94_crop_19_8_rot_357_blur_4_4.jpg	40	5	0	0.0	0.06730361904761906	0.2789615238095238	6.435014963150024
Image_975.jpg	Image_975_scaled_109_crop_39_25_blur_1_1.jpg	40	36	33	0.868421052631579	0.5171436190476191	0.6796944761904762	5.9665610790252686
Image_975.jpg	Image_975_scaled_106_crop_27_23_rot_358_blur_3_3.jpg	40	35	34	0.9066666666666666	0.4829173333333333	0.6766148571428572	5.899718999862671
Image_975.jpg	Image_975_scaled_93_crop_37_18_rot_3_blur_3_3.jpg	40	32	29	0.7777777777777778	0.42896761904761904	0.6321257142857143	6.468557357788086
Image_975.jpg	Image_975_scaled_90_crop_7_13_rot_356.jpg	40	38	37	0.9487179487179487	0.48044038095238095	0.6817455238095238	6.299073219299316
Image_975.jpg	Image_975_scaled_102_crop_36_25_rot_355.jpg	40	34	32	0.8648648648648649	0.45906361904761905	0.6321523809523809	6.166146993637085
Image_975.jpg	Image_975_scaled_101_crop_18_6.jpg	40	40	38	0.95	0.5321127619047619	0.7163405714285714	6.222234487533569
Image_975.jpg	Image_975_scaled_111_crop_37_1.jpg	40	39	36	0.9113924050632911	0.524607238095238	0.7021097142857143	5.983632564544678
Image_975.jpg	Image_975_scaled_117_crop_28_1_blur_1_1.jpg	40	36	35	0.9210526315789473	0.5557584761904761	0.7259565714285714	5.7418200969696045
Image_975.jpg	Image_975_scaled_106_crop_29_8_rot_358_blur_2_2.jpg	40	39	36	0.9113924050632911	0.5087299047619047	0.7779969523809523	5.592853307723999
Image_975.jpg	Image_975_scaled_111_crop_14_18_rot_4_blur_2_2.jpg	40	38	34	0.8461538461538461	0.4445051428571428	0.7201173333333334	6.000746965408325
Image_975.jpg	Image_975_scaled_84_crop_6_26_rot_355.jpg	40	40	37	0.925	0.44376914285714286	0.6416998095238096	6.046352386474609
Image_975.jpg	Image_975_scaled_106_crop_31_2_rot_355_blur_4_4.jpg	40	33	32	0.8767123287671232	0.467463619047619	0.699943619047619	5.49888801574707
Image_975.jpg	Image_975_scaled_94_crop_19_8_rot_355_blur_2_2.jpg	40	40	37	0.925	0.45776533333333336	0.7418605714285714	4.738553047180176
Image_975.jpg	Image_975_scaled_113_crop_35_29.jpg	40	38	36	0.9230769230769231	0.48618514285714287	0.6635596190476191	5.282490968704224
Image_975.jpg	Image_975_scaled_93_crop_38_16_rot_358_blur_3_3.jpg	40	14	0	0.0	0.050519619047619035	0.24269028571428572	4.751667261123657
Image_975.jpg	Image_975_scaled_94_crop_18_13_rot_3_blur_4_4.jpg	40	31	0	0.0	0.01882590476190471	0.08126095238095238	5.5310609340667725
Image_975.jpg	Image_975_scaled_106_crop_29_8_rot_5_blur_1_1.jpg	40	40	36	0.9	0.5452365714285714	0.7142003809523809	5.363508224487305
Image_975.jpg	Image_975_scaled_119_crop_9_26_blur_2_2.jpg	40	39	38	0.9620253164556962	0.5061112380952382	0.7737721904761905	4.817549467086792
Image_975.jpg	Image_975_scaled_109_crop_11_37_blur_1_1.jpg	40	38	35	0.8974358974358975	0.5065325714285714	0.686055619047619	5.25715446472168
Image_975.jpg	Image_975_scaled_94_crop_18_13_rot_355_blur_1_1.jpg	40	41	37	0.9135802469135802	0.5122910476190476	0.6982118095238096	5.051641941070557
Image_975.jpg	Image_975_scaled_106_crop_34_15_rot_2_blur_4_4.jpg	40	0	0	0.0	0.02240761904761901	0.0979672380952381	5.223459959030151
Image_975.jpg	Image_975_scaled_109_crop_11_37_blur_2_2.jpg	40	39	35	0.8860759493670886	0.4342841904761905	0.712680380952381	5.40089750289917
Image_975.jpg	Image_975_scaled_119_crop_8_35_blur_4_4.jpg	40	40	38	0.95	0.4791809523809524	0.708376380952381	5.202235460281372
Image_975.jpg	Image_975_scaled_106_crop_31_2_rot_355_blur_1_1.jpg	40	39	31	0.759493670886076	0.44070323809523815	0.6395771428571428	5.447979688644409
Image_975.jpg	Image_975_scaled_94_crop_18_13_rot_3_blur_2_2.jpg	40	40	37	0.925	0.4633980952380953	0.7507710476190477	5.10532808303833
Image_975.jpg	Image_975_scaled_111_crop_14_18_rot_5_blur_3_3.jpg	40	38	36	0.9230769230769231	0.491559619047619	0.6965462857142857	5.11051869392395
Image_975.jpg	Image_975_scaled_84_crop_13_34_blur_4_4.jpg	40	32	29	0.8055555555555556	0.3960594285714286	0.6376266666666667	5.888676881790161
Image_975.jpg	Image_975_scaled_84_crop_19_9_blur_4_4.jpg	40	35	33	0.88	0.4529295238095238	0.7026110476190476	4.860150098800659
Image_975.jpg	Image_975.jpg	40	40	40	1.0	1.0	1.0	5.4330480098724365
Image_975.jpg	Image_975_scaled_109_crop_11_37_blur_4_4.jpg	40	113	0	0.0	0.05431542857142857	0.2111367619047619	6.13366436958313
Image_975.jpg	Image_975_scaled_119_crop_4_13_blur_3_3.jpg	40	41	38	0.9382716049382716	0.5262750476190476	0.7266224761904762	6.066242694854736
Image_975.jpg	Image_975_scaled_94_crop_7_17_rot_2_blur_1_1.jpg	40	40	39	0.975	0.5303611428571429	0.7181165714285714	6.31192684173584
Image_975.jpg	Image_975_scaled_117_crop_28_1_blur_2_2.jpg	40	37	36	0.935064935064935	0.5116952380952381	0.7748678095238095	5.29155707359314
Image_975.jpg	Image_975_scaled_117_crop_15_22_blur_1_1.jpg	40	38	37	0.9487179487179487	0.5370278095238095	0.7111413333333333	6.009569883346558
Image_975.jpg	Image_975_scaled_106_crop_31_2_rot_5_blur_1_1.jpg	40	39	31	0.759493670886076	0.44070323809523815	0.6395771428571428	5.920692682266235
Image_975.jpg	Image_975_scaled_84_crop_6_26_rot_358.jpg	40	42	37	0.9024390243902439	0.455687619047619	0.6598102857142857	5.009682655334473
Image_975.jpg	Image_975_scaled_94_crop_19_8_rot_355_blur_1_1.jpg	40	39	36	0.9113924050632911	0.4856060952380953	0.6838095238095238	5.808421611785889
Image_975.jpg	Image_975_scaled_101_crop_22_35.jpg	40	37	36	0.935064935064935	0.5158651428571428	0.6827718095238096	5.968102216720581
Image_975.jpg	Image_975_scaled_106_crop_34_15_rot_2_blur_1_1.jpg	40	39	36	0.9113924050632911	0.509759238095238	0.6840937142857143	5.276205062866211
Image_975.jpg	Image_975_scaled_111_crop_14_18_rot_4_blur_1_1.jpg	40	39	37	0.9367088607594937	0.5338415238095238	0.7137897142857142	6.01352596282959
Image_975.jpg	Image_975_scaled_93_crop_38_6_rot_2_blur_2_2.jpg	40	38	30	0.7692307692307693	0.41755047619047614	0.6861081904761904	5.95354437828064
Image_975.jpg	Image_975_scaled_106_crop_31_2_rot_5_blur_2_2.jpg	40	36	34	0.8947368421052632	0.47278704761904766	0.7481653333333333	4.7552289962768555
Image_975.jpg	Image_975_scaled_84_crop_26_14_rot_356.jpg	40	35	35	0.9333333333333333	0.4504525714285714	0.6402521904761905	4.153106212615967
Image_975.jpg	Image_975_scaled_93_crop_38_6_rot_356_blur_1_1.jpg	40	38	32	0.8205128205128205	0.5186072380952381	0.6891740952380953	5.244786977767944
Image_975.jpg	Image_975_scaled_98_crop_32_17_rot_5.jpg	40	37	35	0.9090909090909091	0.46752000000000005	0.6440045714285715	5.526338815689087
Image_975.jpg	Image_975_scaled_94_crop_25_1_rot_1_blur_1_1.jpg	40	37	35	0.9090909090909091	0.5241371428571429	0.7091916190476191	5.040290594100952
Image_975.jpg	Image_975_scaled_109_crop_11_37_blur_3_3.jpg	40	38	35	0.8974358974358975	0.4743733333333333	0.6751100952380953	5.648950099945068
Image_975.jpg	Image_975_scaled_106_crop_27_23_rot_358_blur_4_4.jpg	40	54	0	0.0	0.04708190476190477	0.19465295238095237	4.756271839141846
Image_975.jpg	Image_975_scaled_93_crop_38_16_rot_358_blur_1_1.jpg	40	34	32	0.8648648648648649	0.5022438095238095	0.6719862857142858	5.71823787689209
Image_975.jpg	Image_975_scaled_93_crop_37_18_rot_3_blur_4_4.jpg	40	30	28	0.8	0.42493485714285717	0.6549866666666667	5.0129077434539795
Image_975.jpg	Image_975_scaled_93_crop_38_6_rot_356_blur_4_4.jpg	40	33	29	0.7945205479452054	0.4422857142857143	0.6760921904761905	5.592849969863892
Image_975.jpg	Image_975_scaled_111_crop_3_36_rot_3_blur_1_1.jpg	40	40	37	0.925	0.5542910476190477	0.720808380952381	4.8859617710113525
Image_975.jpg	Image_975_scaled_102_crop_19_1_rot_359.jpg	40	37	36	0.935064935064935	0.5208457142857144	0.7132335238095238	5.252507925033569
Image_975.jpg	Image_975_scaled_101_crop_20_5.jpg	40	39	37	0.9367088607594937	0.5293561904761905	0.7141287619047619	5.700662851333618
Image_975.jpg	Image_975_scaled_84_crop_5_16_blur_4_4.jpg	40	34	33	0.8918918918918919	0.44789866666666667	0.7047946666666667	5.723962068557739
Image_975.jpg	Image_975_scaled_94_crop_7_17_rot_4_blur_1_1.jpg	40	40	39	0.975	0.5303611428571429	0.7181165714285714	5.794553995132446
Image_975.jpg	Image_975_scaled_106_crop_34_15_rot_359_blur_1_1.jpg	40	39	36	0.9113924050632911	0.509759238095238	0.6840937142857143	5.783620357513428
Image_975.jpg	Image_975_scaled_94_crop_7_17_rot_2_blur_4_4.jpg	40	83	0	0.0	0.04587504761904759	0.2097272380952381	5.744617700576782
Image_975.jpg	Image_975_scaled_98_crop_10_24_rot_5.jpg	40	37	35	0.9090909090909091	0.48340419047619043	0.6669828571428571	5.407986879348755
Image_975.jpg	Image_975_scaled_106_crop_27_23_rot_357_blur_2_2.jpg	40	36	35	0.9210526315789473	0.4711481904761905	0.7368411428571429	5.109794855117798
Image_975.jpg	Image_975_scaled_119_crop_4_13_blur_4_4.jpg	40	40	37	0.925	0.49476038095238095	0.7343558095238095	5.831473350524902
Image_975.jpg	Image_975_scaled_90_crop_23_19_rot_357.jpg	40	37	33	0.8571428571428571	0.44166552380952384	0.6391558095238096	5.134119987487793
Image_975.jpg	Image_975_scaled_93_crop_38_6_rot_2_blur_4_4.jpg	40	33	29	0.7945205479452054	0.4422857142857143	0.6760921904761905	4.89781641960144
Image_975.jpg	Image_975_scaled_94_crop_25_1_rot_356_blur_1_1.jpg	40	37	35	0.9090909090909091	0.5241371428571429	0.7091916190476191	5.791166067123413
Image_975.jpg	Image_975_scaled_94_crop_19_8_rot_355_blur_4_4.jpg	40	5	0	0.0	0.06730361904761906	0.2789615238095238	5.57635235786438
Image_975.jpg	Image_975_scaled_119_crop_9_26_blur_1_1.jpg	40	39	38	0.9620253164556962	0.5365158095238095	0.7138773333333334	5.085805654525757
Image_975.jpg	Image_975_scaled_84_crop_29_37_blur_3_3.jpg	40	34	31	0.8378378378378378	0.43330361904761905	0.6288198095238096	5.789414167404175
Image_975.jpg	Image_975_scaled_90_crop_16_6_rot_2.jpg	40	41	38	0.9382716049382716	0.49094019047619053	0.6930118095238095	6.252537965774536
Image_975.jpg	Image_975_scaled_94_crop_18_13_rot_355_blur_4_4.jpg	40	31	0	0.0	0.01882590476190471	0.08126095238095238	6.383502721786499
Image_975.jpg	Image_975_scaled_86_crop_35_15.jpg	40	35	33	0.88	0.4664182857142857	0.6513592380952381	6.444250106811523
Image_975.jpg	Image_975_scaled_94_crop_7_17_rot_4_blur_3_3.jpg	40	39	38	0.9367088607594937	0.4414605714285714	0.6663085714285715	6.537052869796753
Image_975.jpg	Image_975_scaled_84_crop_34_17_rot_355.jpg	40	32	31	0.8611111111111112	0.41546971428571433	0.604784	7.2013161182403564
Image_975.jpg	Image_975_scaled_106_crop_34_15_rot_359_blur_2_2.jpg	40	39	36	0.9113924050632911	0.49356342857142854	0.7578019047619048	6.647481441497803
Image_975.jpg	Image_975_scaled_94_crop_7_17_rot_2_blur_2_2.jpg	40	40	39	0.975	0.46281523809523806	0.75504	6.3992626667022705
Image_975.jpg	Image_975_scaled_113_crop_6_17.jpg	40	41	39	0.9629629629629629	0.555944380952381	0.7312693333333333	6.127197742462158
Image_975.jpg	Image_975_scaled_119_crop_9_26_blur_3_3.jpg	40	39	38	0.9620253164556962	0.5216015238095237	0.7133051428571429	6.134120464324951
Image_975.jpg	Image_975_scaled_93_crop_27_26_rot_358_blur_1_1.jpg	40	37	35	0.9090909090909091	0.49981333333333333	0.6726339047619048	6.146203994750977
Image_975.jpg	Image_975_scaled_101_crop_3_10.jpg	40	41	38	0.9382716049382716	0.5630384761904762	0.7452838095238096	5.2207190990448
Image_975.jpg	Image_975_scaled_98_crop_35_12_rot_3.jpg	40	40	34	0.85	0.47017980952380956	0.6525112380952381	6.017325401306152
Image_975.jpg	Image_975_scaled_106_crop_29_8_rot_5_blur_2_2.jpg	40	39	36	0.9113924050632911	0.5087299047619047	0.7779969523809523	6.263139486312866
Image_975.jpg	Image_975_scaled_94_crop_25_1_rot_1_blur_4_4.jpg	40	33	30	0.821917808219178	0.4229691428571428	0.666536380952381	5.983304738998413
Image_975.jpg	Image_975_scaled_119_crop_9_26_blur_4_4.jpg	40	38	37	0.9487179487179487	0.48960000000000004	0.7193180952380952	6.288205146789551
Image_975.jpg	Image_975_scaled_106_crop_31_2_rot_355_blur_2_2.jpg	40	36	34	0.8947368421052632	0.47278704761904766	0.7481653333333333	6.161912679672241
Image_975.jpg	Image_975_scaled_111_crop_14_18_rot_4_blur_3_3.jpg	40	38	36	0.9230769230769231	0.491559619047619	0.6965462857142857	5.715576410293579
Image_975.jpg	Image_975_scaled_119_crop_24_2_blur_2_2.jpg	40	38	38	0.9743589743589743	0.525112380952381	0.7923824761904762	5.7588722705841064
Image_975.jpg	Image_975_scaled_90_crop_23_19_rot_358.jpg	40	37	35	0.9090909090909091	0.4552830476190476	0.6547253333333334	5.649767160415649
Image_975.jpg	Image_975_scaled_109_crop_39_25_blur_2_2.jpg	40	35	28	0.7466666666666667	0.39082514285714287	0.6497348571428572	6.0334556102752686
Image_975.jpg	Image_975_scaled_84_crop_19_9_blur_2_2.jpg	40	40	38	0.95	0.4733127619047619	0.7622819047619047	5.508052825927734
Image_975.jpg	Image_975_scaled_117_crop_28_1_blur_3_3.jpg	40	38	32	0.8205128205128205	0.44471390476190475	0.658887619047619	6.122613191604614
Image_975.jpg	Image_975_scaled_102_crop_25_12_rot_359.jpg	40	39	36	0.9113924050632911	0.493424	0.6827786666666666	6.206956148147583
Image_975.jpg	Image_975_scaled_113_crop_38_22.jpg	40	38	35	0.8461538461538461	0.4574460952380952	0.6464746666666666	6.632531404495239
Image_975.jpg	Image_975_scaled_111_crop_10_20_rot_1_blur_4_4.jpg	40	36	35	0.9210526315789473	0.4924358095238095	0.7272891428571429	6.463310241699219
Image_975.jpg	Image_975_scaled_106_crop_27_23_rot_357_blur_1_1.jpg	40	38	37	0.9487179487179487	0.48944457142857145	0.6755436190476191	6.421995401382446
Image_975.jpg	Image_975_scaled_111_crop_10_20_rot_357_blur_2_2.jpg	40	39	38	0.9620253164556962	0.5151550476190476	0.7898224761904762	6.278400421142578
Image_975.jpg	Image_975_scaled_117_crop_15_22_blur_2_2.jpg	40	38	37	0.9487179487179487	0.508119619047619	0.776320761904762	6.565417528152466
Image_975.jpg	Image_975_scaled_109_crop_37_22_blur_3_3.jpg	40	36	34	0.8947368421052632	0.49237180952380954	0.6752060952380953	6.386083364486694
Image_975.jpg	Image_975_scaled_117_crop_24_32_blur_1_1.jpg	40	37	36	0.935064935064935	0.507880380952381	0.6799489523809524	6.301984071731567
Image_975.jpg	Image_975_scaled_113_crop_26_13.jpg	40	40	36	0.9	0.5389173333333334	0.7101478095238095	6.247201442718506
Image_975.jpg	Image_975_scaled_93_crop_37_18_rot_3_blur_1_1.jpg	40	34	33	0.8918918918918919	0.4918095238095238	0.6663177142857143	5.9546661376953125
Image_975.jpg	Image_975_scaled_86_crop_39_31.jpg	40	34	31	0.8378378378378378	0.45741714285714286	0.6324045714285714	6.183830976486206
Image_975.jpg	Image_975_scaled_106_crop_34_15_rot_2_blur_2_2.jpg	40	39	36	0.9113924050632911	0.49356342857142854	0.7578019047619048	5.513567924499512
Image_975.jpg	Image_975_scaled_98_crop_10_24_rot_1.jpg	40	39	38	0.9620253164556962	0.5077043809523809	0.6965394285714286	5.227972984313965
Image_975.jpg	Image_975_scaled_94_crop_19_8_rot_357_blur_3_3.jpg	40	38	35	0.8974358974358975	0.4502986666666666	0.666424380952381	4.044106960296631
