Image_975.jpg	Image_975_scaled_93_crop_38_16_rot_4_blur_1_1.jpg	40	34	32	0.8648648648648649	0.5022438095238095	0.6719862857142858
Image_975.jpg	Image_975_scaled_102_crop_36_25_rot_356.jpg	40	34	32	0.8648648648648649	0.4628419047619048	0.6361478095238096
Image_975.jpg	Image_975_scaled_93_crop_38_16_rot_4_blur_4_4.jpg	40	3	0	0.0	0.024687238095238095	0.08973333333333333
Image_975.jpg	Image_975_scaled_90_crop_7_13_rot_3.jpg	40	41	38	0.9382716049382716	0.48726933333333333	0.6897401904761905
Image_975.jpg	Image_975_scaled_106_crop_29_8_rot_358_blur_3_3.jpg	40	38	31	0.7948717948717948	0.44253180952380955	0.6603131428571428
Image_975.jpg	Image_975_scaled_84_crop_13_34_blur_1_1.jpg	40	38	36	0.9230769230769231	0.4826163809523809	0.6669904761904762
Image_975.jpg	Image_975_scaled_98_crop_39_19_rot_1.jpg	40	35	34	0.9066666666666666	0.463696	0.6495001904761905
Image_975.jpg	Image_975_scaled_84_crop_19_9_blur_1_1.jpg	40	41	37	0.9135802469135802	0.5081051428571428	0.6974834285714285
Image_975.jpg	Image_975_scaled_84_crop_34_17_rot_5.jpg	40	34	31	0.8378378378378378	0.42618209523809525	0.6130544761904761
Image_975.jpg	Image_975_scaled_102_crop_28_38_rot_356.jpg	40	34	33	0.8918918918918919	0.4686445714285714	0.6385828571428571
Image_975.jpg	Image_975_scaled_111_crop_10_20_rot_357_blur_4_4.jpg	40	36	35	0.9210526315789473	0.4924358095238095	0.7272891428571429
Image_975.jpg	Image_975_scaled_117_crop_15_22_blur_4_4.jpg	40	156	0	0.0	0.071463619047619	0.24125028571428572
Image_975.jpg	Image_975_scaled_84_crop_5_16_blur_2_2.jpg	40	38	37	0.9487179487179487	0.4728106666666667	0.7703260952380953
Image_975.jpg	Image_975_scaled_93_crop_38_6_rot_356_blur_3_3.jpg	40	41	0	0.0	0.0432312380952381	0.20197790476190478
Image_975.jpg	Image_975_scaled_93_crop_37_18_rot_358_blur_1_1.jpg	40	34	33	0.8918918918918919	0.4918095238095238	0.6663177142857143
Image_975.jpg	Image_975_scaled_109_crop_13_15_blur_1_1.jpg	40	40	37	0.925	0.535936	0.7155344761904762
Image_975.jpg	Image_975_scaled_94_crop_18_13_rot_3_blur_1_1.jpg	40	41	37	0.9135802469135802	0.5122910476190476	0.6982118095238096
Image_975.jpg	Image_975_scaled_106_crop_31_2_rot_355_blur_3_3.jpg	40	35	34	0.9066666666666666	0.5168228571428571	0.7099733333333333
Image_975.jpg	Image_975_scaled_117_crop_28_1_blur_4_4.jpg	40	11	0	0.0	0.03711238095238101	0.188448
Image_975.jpg	Image_975_scaled_93_crop_37_18_rot_358_blur_2_2.jpg	40	33	26	0.7123287671232876	0.3904457142857143	0.655696
Image_975.jpg	Image_975_scaled_93_crop_27_26_rot_2_blur_3_3.jpg	40	33	19	0.5205479452054794	0.30218590476190477	0.5046689523809523
Image_975.jpg	Image_975_scaled_111_crop_9_27_rot_357_blur_1_1.jpg	40	39	38	0.9620253164556962	0.5558468571428572	0.7244388571428572
Image_975.jpg	Image_975_scaled_117_crop_4_19_blur_1_1.jpg	40	40	38	0.95	0.5259192380952381	0.7128434285714286
Image_975.jpg	Image_975_scaled_111_crop_14_18_rot_5_blur_2_2.jpg	40	38	34	0.8461538461538461	0.4445051428571428	0.7201173333333334
Image_975.jpg	Image_975_scaled_102_crop_19_1_rot_3.jpg	40	38	38	0.9743589743589743	0.5175177142857144	0.7037539047619048
Image_975.jpg	Image_975_scaled_117_crop_4_19_blur_2_2.jpg	40	40	38	0.95	0.5294529523809524	0.800183619047619
Image_975.jpg	Image_975_scaled_117_crop_4_19_blur_3_3.jpg	40	40	38	0.95	0.4944830476190476	0.7009691428571428
Image_975.jpg	Image_975_scaled_93_crop_27_26_rot_358_blur_2_2.jpg	40	36	34	0.8947368421052632	0.4431946666666666	0.7152365714285714
Image_975.jpg	Image_975_scaled_90_crop_16_6_rot_357.jpg	40	3	0	0.0	0.01705371428571434	0.08684342857142857
Image_975.jpg	Image_975_scaled_111_crop_13_22.jpg	40	40	38	0.95	0.5601165714285714	0.726808380952381
Image_975.jpg	Image_975_scaled_117_crop_24_32_blur_4_4.jpg	40	16	0	0.0	0.042142476190476175	0.201808
Image_975.jpg	Image_975_scaled_106_crop_31_2_rot_5_blur_4_4.jpg	40	33	32	0.8767123287671232	0.467463619047619	0.699943619047619
Image_975.jpg	Image_975_scaled_102_crop_28_38_rot_357.jpg	40	36	33	0.868421052631579	0.4687390476190476	0.6425660952380953
Image_975.jpg	Image_975_scaled_93_crop_38_16_rot_4_blur_3_3.jpg	40	14	0	0.0	0.050519619047619035	0.24269028571428572
Image_975.jpg	Image_975_scaled_109_crop_39_25_blur_4_4.jpg	40	34	31	0.8378378378378378	0.4339062857142857	0.658391619047619
Image_975.jpg	Image_975_scaled_93_crop_37_18_rot_3_blur_2_2.jpg	40	33	26	0.7123287671232876	0.3904457142857143	0.655696
Image_975.jpg	Image_975_scaled_86_crop_15_27.jpg	40	37	36	0.935064935064935	0.48376685714285717	0.6712937142857143
Image_975.jpg	Image_975_scaled_90_crop_20_19_rot_5.jpg	40	34	33	0.8918918918918919	0.46269638095238097	0.6528457142857143
Image_975.jpg	Image_975_scaled_86_crop_13_17.jpg	40	39	36	0.9113924050632911	0.49032990476190474	0.687847619047619
Image_975.jpg	Image_975_scaled_84_crop_29_37_blur_1_1.jpg	40	38	34	0.8717948717948718	0.45787352380952384	0.6355550476190476
Image_975.jpg	Image_975_scaled_94_crop_19_8_rot_357_blur_1_1.jpg	40	39	36	0.9113924050632911	0.4856060952380953	0.6838095238095238
Image_975.jpg	Image_975_scaled_94_crop_25_1_rot_1_blur_2_2.jpg	40	36	35	0.9210526315789473	0.489136	0.7729348571428571
Image_975.jpg	Image_975_scaled_93_crop_27_26_rot_2_blur_4_4.jpg	40	182	0	0.0	0.04681904761904765	0.24774095238095237
Image_975.jpg	Image_975_scaled_98_crop_39_19_rot_357.jpg	40	35	33	0.88	0.4704815238095238	0.6438179047619048
Image_975.jpg	Image_975_scaled_94_crop_25_1_rot_356_blur_4_4.jpg	40	33	30	0.821917808219178	0.4229691428571428	0.666536380952381
Image_975.jpg	Image_975_scaled_94_crop_18_13_rot_355_blur_3_3.jpg	40	38	33	0.8461538461538461	0.4515908571428572	0.6670544761904762
Image_975.jpg	Image_975_scaled_93_crop_38_16_rot_358_blur_2_2.jpg	40	34	31	0.8378378378378378	0.42216	0.6888441904761905
Image_975.jpg	Image_975_scaled_106_crop_29_8_rot_5_blur_3_3.jpg	40	38	31	0.7948717948717948	0.44253180952380955	0.6603131428571428
Image_975.jpg	Image_975_scaled_106_crop_27_23_rot_358_blur_1_1.jpg	40	38	37	0.9487179487179487	0.48944457142857145	0.6755436190476191
Image_975.jpg	Image_975_scaled_98_crop_35_12_rot_359.jpg	40	37	34	0.8831168831168831	0.4696015238095238	0.6583900952380952
Image_975.jpg	Image_975_scaled_109_crop_13_15_blur_4_4.jpg	40	39	34	0.8607594936708861	0.46705295238095235	0.7093988571428571
Image_975.jpg	Image_975_scaled_117_crop_15_22_blur_3_3.jpg	40	36	35	0.9210526315789473	0.5151390476190476	0.7054681904761905
Image_975.jpg	Image_975_scaled_84_crop_13_28_rot_358.jpg	40	38	36	0.9230769230769231	0.44700799999999996	0.6475702857142858
Image_975.jpg	Image_975_scaled_119_crop_8_35_blur_3_3.jpg	40	40	37	0.925	0.514887619047619	0.7037211428571428
Image_975.jpg	Image_975_scaled_111_crop_28_2.jpg	40	40	37	0.925	0.5505363809523809	0.7216167619047619
Image_975.jpg	Image_975_scaled_111_crop_3_36_rot_4_blur_3_3.jpg	40	37	34	0.8831168831168831	0.45631999999999995	0.6673249523809524
Image_975.jpg	Image_975_scaled_106_crop_29_8_rot_358_blur_4_4.jpg	40	38	28	0.717948717948718	0.4145173333333333	0.662615619047619
Image_975.jpg	Image_975_scaled_94_crop_7_17_rot_4_blur_2_2.jpg	40	40	39	0.975	0.46281523809523806	0.75504
Image_975.jpg	Image_975_scaled_111_crop_3_36_rot_4_blur_4_4.jpg	40	68	0	0.0	0.03260799999999997	0.0995832380952381
Image_975.jpg	Image_975_scaled_111_crop_9_27_rot_357_blur_4_4.jpg	40	24	0	0.0	0.015964952380952413	0.09965714285714286
Image_975.jpg	Image_975_scaled_111_crop_3_36_rot_4_blur_2_2.jpg	40	38	36	0.9230769230769231	0.48887238095238095	0.7620106666666666
Image_975.jpg	Image_975_scaled_111_crop_3_36_rot_3_blur_2_2.jpg	40	38	36	0.9230769230769231	0.48887238095238095	0.7620106666666666
Image_975.jpg	Image_975_scaled_111_crop_10_20_rot_357_blur_1_1.jpg	40	38	37	0.9487179487179487	0.5635954285714286	0.7319641904761904
Image_975.jpg	Image_975_scaled_111_crop_9_27_rot_357_blur_2_2.jpg	40	39	36	0.9113924050632911	0.4506179047619048	0.7280304761904762
Image_975.jpg	Image_975_scaled_102_crop_25_12_rot_358.jpg	40	39	34	0.8607594936708861	0.4833737142857143	0.6724487619047619
Image_975.jpg	Image_975_scaled_119_crop_8_35_blur_2_2.jpg	40	41	36	0.8888888888888888	0.45902476190476194	0.7284007619047619
Image_975.jpg	Image_975_scaled_94_crop_19_8_rot_357_blur_2_2.jpg	40	40	37	0.925	0.45776533333333336	0.7418605714285714
Image_975.jpg	Image_975_scaled_111_crop_26_16.jpg	40	39	37	0.9367088607594937	0.52	0.6971116190476191
Image_975.jpg	Image_975_scaled_111_crop_9_27_rot_357_blur_3_3.jpg	40	37	36	0.935064935064935	0.49908419047619046	0.6989020952380952
Image_975.jpg	Image_975_scaled_98_crop_32_17_rot_1.jpg	40	38	36	0.9230769230769231	0.49627428571428567	0.6747558095238095
Image_975.jpg	Image_975_scaled_111_crop_14_18_rot_5_blur_1_1.jpg	40	39	37	0.9367088607594937	0.5338415238095238	0.7137897142857142
Image_975.jpg	Image_975_scaled_111_crop_10_20_rot_1_blur_3_3.jpg	40	37	36	0.935064935064935	0.5256342857142857	0.7190750476190476
Image_975.jpg	Image_975_scaled_94_crop_25_1_rot_356_blur_3_3.jpg	40	237	0	0.0	0.10035809523809525	0.28751390476190475
Image_975.jpg	Image_975_scaled_93_crop_27_26_rot_2_blur_1_1.jpg	40	37	35	0.9090909090909091	0.49981333333333333	0.6726339047619048
Image_975.jpg	Image_975_scaled_111_crop_10_20_rot_1_blur_2_2.jpg	40	39	38	0.9620253164556962	0.5151550476190476	0.7898224761904762
Image_975.jpg	Image_975_scaled_84_crop_13_34_blur_2_2.jpg	40	36	35	0.9210526315789473	0.4322140952380953	0.7117630476190476
Image_975.jpg	Image_975_scaled_93_crop_38_16_rot_358_blur_4_4.jpg	40	3	0	0.0	0.024687238095238095	0.08973333333333333
Image_975.jpg	Image_975_scaled_94_crop_19_8_rot_357_blur_4_4.jpg	40	5	0	0.0	0.06730361904761906	0.2789615238095238
Image_975.jpg	Image_975_scaled_90_crop_20_19_rot_356.jpg	40	36	36	0.9473684210526315	0.4755108571428571	0.6620205714285714
Image_975.jpg	Image_975_scaled_109_crop_39_25_blur_1_1.jpg	40	36	33	0.868421052631579	0.5171436190476191	0.6796944761904762
Image_975.jpg	Image_975_scaled_106_crop_27_23_rot_358_blur_3_3.jpg	40	35	34	0.9066666666666666	0.4829173333333333	0.6766148571428572
Image_975.jpg	Image_975_scaled_93_crop_37_18_rot_3_blur_3_3.jpg	40	32	29	0.7777777777777778	0.42896761904761904	0.6321257142857143
Image_975.jpg	Image_975_scaled_90_crop_7_13_rot_356.jpg	40	38	37	0.9487179487179487	0.48044038095238095	0.6817455238095238
Image_975.jpg	Image_975_scaled_102_crop_36_25_rot_355.jpg	40	34	32	0.8648648648648649	0.45906361904761905	0.6321523809523809
Image_975.jpg	Image_975_scaled_101_crop_18_6.jpg	40	40	38	0.95	0.5321127619047619	0.7163405714285714
Image_975.jpg	Image_975_scaled_111_crop_37_1.jpg	40	39	36	0.9113924050632911	0.524607238095238	0.7021097142857143
Image_975.jpg	Image_975_scaled_117_crop_28_1_blur_1_1.jpg	40	36	35	0.9210526315789473	0.5557584761904761	0.7259565714285714
Image_975.jpg	Image_975_scaled_111_crop_14_18_rot_4_blur_2_2.jpg	40	38	34	0.8461538461538461	0.4445051428571428	0.7201173333333334
Image_975.jpg	Image_975_scaled_106_crop_29_8_rot_358_blur_2_2.jpg	40	39	36	0.9113924050632911	0.5087299047619047	0.7779969523809523
Image_975.jpg	Image_975_scaled_84_crop_6_26_rot_355.jpg	40	40	37	0.925	0.44376914285714286	0.6416998095238096
Image_975.jpg	Image_975_scaled_113_crop_35_29.jpg	40	38	36	0.9230769230769231	0.48618514285714287	0.6635596190476191
Image_975.jpg	Image_975_scaled_106_crop_31_2_rot_355_blur_4_4.jpg	40	33	32	0.8767123287671232	0.467463619047619	0.699943619047619
Image_975.jpg	Image_975_scaled_94_crop_19_8_rot_355_blur_2_2.jpg	40	40	37	0.925	0.45776533333333336	0.7418605714285714
Image_975.jpg	Image_975_scaled_93_crop_38_16_rot_358_blur_3_3.jpg	40	14	0	0.0	0.050519619047619035	0.24269028571428572
Image_975.jpg	Image_975_scaled_94_crop_18_13_rot_3_blur_4_4.jpg	40	31	0	0.0	0.01882590476190471	0.08126095238095238
Image_975.jpg	Image_975_scaled_106_crop_29_8_rot_5_blur_1_1.jpg	40	40	36	0.9	0.5452365714285714	0.7142003809523809
Image_975.jpg	Image_975_scaled_119_crop_9_26_blur_2_2.jpg	40	39	38	0.9620253164556962	0.5061112380952382	0.7737721904761905
Image_975.jpg	Image_975_scaled_109_crop_11_37_blur_1_1.jpg	40	38	35	0.8974358974358975	0.5065325714285714	0.686055619047619
Image_975.jpg	Image_975_scaled_94_crop_18_13_rot_355_blur_1_1.jpg	40	41	37	0.9135802469135802	0.5122910476190476	0.6982118095238096
Image_975.jpg	Image_975_scaled_106_crop_34_15_rot_2_blur_4_4.jpg	40	0	0	0.0	0.02240761904761901	0.0979672380952381
Image_975.jpg	Image_975_scaled_109_crop_11_37_blur_2_2.jpg	40	39	35	0.8860759493670886	0.4342841904761905	0.712680380952381
Image_975.jpg	Image_975_scaled_119_crop_8_35_blur_4_4.jpg	40	40	38	0.95	0.4791809523809524	0.708376380952381
Image_975.jpg	Image_975_scaled_94_crop_18_13_rot_3_blur_2_2.jpg	40	40	37	0.925	0.4633980952380953	0.7507710476190477
Image_975.jpg	Image_975_scaled_106_crop_31_2_rot_355_blur_1_1.jpg	40	39	31	0.759493670886076	0.44070323809523815	0.6395771428571428
Image_975.jpg	Image_975_scaled_111_crop_14_18_rot_5_blur_3_3.jpg	40	38	36	0.9230769230769231	0.491559619047619	0.6965462857142857
Image_975.jpg	Image_975_scaled_84_crop_13_34_blur_4_4.jpg	40	32	29	0.8055555555555556	0.3960594285714286	0.6376266666666667
Image_975.jpg	Image_975.jpg	40	40	40	1.0	1.0	1.0
Image_975.jpg	Image_975_scaled_84_crop_19_9_blur_4_4.jpg	40	35	33	0.88	0.4529295238095238	0.7026110476190476
Image_975.jpg	Image_975_scaled_94_crop_7_17_rot_2_blur_1_1.jpg	40	40	39	0.975	0.5303611428571429	0.7181165714285714
Image_975.jpg	Image_975_scaled_109_crop_11_37_blur_4_4.jpg	40	113	0	0.0	0.05431542857142857	0.2111367619047619
Image_975.jpg	Image_975_scaled_119_crop_4_13_blur_3_3.jpg	40	41	38	0.9382716049382716	0.5262750476190476	0.7266224761904762
Image_975.jpg	Image_975_scaled_117_crop_15_22_blur_1_1.jpg	40	38	37	0.9487179487179487	0.5370278095238095	0.7111413333333333
Image_975.jpg	Image_975_scaled_117_crop_28_1_blur_2_2.jpg	40	37	36	0.935064935064935	0.5116952380952381	0.7748678095238095
Image_975.jpg	Image_975_scaled_106_crop_31_2_rot_5_blur_1_1.jpg	40	39	31	0.759493670886076	0.44070323809523815	0.6395771428571428
Image_975.jpg	Image_975_scaled_101_crop_22_35.jpg	40	37	36	0.935064935064935	0.5158651428571428	0.6827718095238096
Image_975.jpg	Image_975_scaled_84_crop_6_26_rot_358.jpg	40	42	37	0.9024390243902439	0.455687619047619	0.6598102857142857
Image_975.jpg	Image_975_scaled_94_crop_19_8_rot_355_blur_1_1.jpg	40	39	36	0.9113924050632911	0.4856060952380953	0.6838095238095238
Image_975.jpg	Image_975_scaled_106_crop_34_15_rot_2_blur_1_1.jpg	40	39	36	0.9113924050632911	0.509759238095238	0.6840937142857143
Image_975.jpg	Image_975_scaled_111_crop_14_18_rot_4_blur_1_1.jpg	40	39	37	0.9367088607594937	0.5338415238095238	0.7137897142857142
Image_975.jpg	Image_975_scaled_106_crop_31_2_rot_5_blur_2_2.jpg	40	36	34	0.8947368421052632	0.47278704761904766	0.7481653333333333
Image_975.jpg	Image_975_scaled_93_crop_38_6_rot_2_blur_2_2.jpg	40	38	30	0.7692307692307693	0.41755047619047614	0.6861081904761904
Image_975.jpg	Image_975_scaled_98_crop_32_17_rot_5.jpg	40	37	35	0.9090909090909091	0.46752000000000005	0.6440045714285715
Image_975.jpg	Image_975_scaled_93_crop_38_6_rot_356_blur_1_1.jpg	40	38	32	0.8205128205128205	0.5186072380952381	0.6891740952380953
Image_975.jpg	Image_975_scaled_94_crop_25_1_rot_1_blur_1_1.jpg	40	37	35	0.9090909090909091	0.5241371428571429	0.7091916190476191
Image_975.jpg	Image_975_scaled_84_crop_26_14_rot_356.jpg	40	35	35	0.9333333333333333	0.4504525714285714	0.6402521904761905
Image_975.jpg	Image_975_scaled_93_crop_38_16_rot_358_blur_1_1.jpg	40	34	32	0.8648648648648649	0.5022438095238095	0.6719862857142858
Image_975.jpg	Image_975_scaled_109_crop_11_37_blur_3_3.jpg	40	38	35	0.8974358974358975	0.4743733333333333	0.6751100952380953
Image_975.jpg	Image_975_scaled_93_crop_37_18_rot_3_blur_4_4.jpg	40	30	28	0.8	0.42493485714285717	0.6549866666666667
Image_975.jpg	Image_975_scaled_106_crop_27_23_rot_358_blur_4_4.jpg	40	54	0	0.0	0.04708190476190477	0.19465295238095237
Image_975.jpg	Image_975_scaled_93_crop_38_6_rot_356_blur_4_4.jpg	40	33	29	0.7945205479452054	0.4422857142857143	0.6760921904761905
Image_975.jpg	Image_975_scaled_111_crop_3_36_rot_3_blur_1_1.jpg	40	40	37	0.925	0.5542910476190477	0.720808380952381
Image_975.jpg	Image_975_scaled_102_crop_19_1_rot_359.jpg	40	37	36	0.935064935064935	0.5208457142857144	0.7132335238095238
Image_975.jpg	Image_975_scaled_101_crop_20_5.jpg	40	39	37	0.9367088607594937	0.5293561904761905	0.7141287619047619
Image_975.jpg	Image_975_scaled_94_crop_7_17_rot_4_blur_1_1.jpg	40	40	39	0.975	0.5303611428571429	0.7181165714285714
Image_975.jpg	Image_975_scaled_84_crop_5_16_blur_4_4.jpg	40	34	33	0.8918918918918919	0.44789866666666667	0.7047946666666667
Image_975.jpg	Image_975_scaled_106_crop_34_15_rot_359_blur_1_1.jpg	40	39	36	0.9113924050632911	0.509759238095238	0.6840937142857143
Image_975.jpg	Image_975_scaled_98_crop_10_24_rot_5.jpg	40	37	35	0.9090909090909091	0.48340419047619043	0.6669828571428571
Image_975.jpg	Image_975_scaled_94_crop_7_17_rot_2_blur_4_4.jpg	40	83	0	0.0	0.04587504761904759	0.2097272380952381
Image_975.jpg	Image_975_scaled_106_crop_27_23_rot_357_blur_2_2.jpg	40	36	35	0.9210526315789473	0.4711481904761905	0.7368411428571429
Image_975.jpg	Image_975_scaled_90_crop_23_19_rot_357.jpg	40	37	33	0.8571428571428571	0.44166552380952384	0.6391558095238096
Image_975.jpg	Image_975_scaled_119_crop_4_13_blur_4_4.jpg	40	40	37	0.925	0.49476038095238095	0.7343558095238095
Image_975.jpg	Image_975_scaled_94_crop_25_1_rot_356_blur_1_1.jpg	40	37	35	0.9090909090909091	0.5241371428571429	0.7091916190476191
Image_975.jpg	Image_975_scaled_94_crop_19_8_rot_355_blur_4_4.jpg	40	5	0	0.0	0.06730361904761906	0.2789615238095238
Image_975.jpg	Image_975_scaled_119_crop_9_26_blur_1_1.jpg	40	39	38	0.9620253164556962	0.5365158095238095	0.7138773333333334
Image_975.jpg	Image_975_scaled_93_crop_38_6_rot_2_blur_4_4.jpg	40	33	29	0.7945205479452054	0.4422857142857143	0.6760921904761905
Image_975.jpg	Image_975_scaled_84_crop_29_37_blur_3_3.jpg	40	34	31	0.8378378378378378	0.43330361904761905	0.6288198095238096
Image_975.jpg	Image_975_scaled_90_crop_16_6_rot_2.jpg	40	41	38	0.9382716049382716	0.49094019047619053	0.6930118095238095
Image_975.jpg	Image_975_scaled_94_crop_18_13_rot_355_blur_4_4.jpg	40	31	0	0.0	0.01882590476190471	0.08126095238095238
Image_975.jpg	Image_975_scaled_94_crop_7_17_rot_4_blur_3_3.jpg	40	39	38	0.9367088607594937	0.4414605714285714	0.6663085714285715
Image_975.jpg	Image_975_scaled_86_crop_35_15.jpg	40	35	33	0.88	0.4664182857142857	0.6513592380952381
Image_975.jpg	Image_975_scaled_84_crop_34_17_rot_355.jpg	40	32	31	0.8611111111111112	0.41546971428571433	0.604784
Image_975.jpg	Image_975_scaled_106_crop_34_15_rot_359_blur_2_2.jpg	40	39	36	0.9113924050632911	0.49356342857142854	0.7578019047619048
Image_975.jpg	Image_975_scaled_94_crop_7_17_rot_2_blur_2_2.jpg	40	40	39	0.975	0.46281523809523806	0.75504
Image_975.jpg	Image_975_scaled_113_crop_6_17.jpg	40	41	39	0.9629629629629629	0.555944380952381	0.7312693333333333
Image_975.jpg	Image_975_scaled_119_crop_9_26_blur_3_3.jpg	40	39	38	0.9620253164556962	0.5216015238095237	0.7133051428571429
Image_975.jpg	Image_975_scaled_93_crop_27_26_rot_358_blur_1_1.jpg	40	37	35	0.9090909090909091	0.49981333333333333	0.6726339047619048
Image_975.jpg	Image_975_scaled_101_crop_3_10.jpg	40	41	38	0.9382716049382716	0.5630384761904762	0.7452838095238096
Image_975.jpg	Image_975_scaled_98_crop_35_12_rot_3.jpg	40	40	34	0.85	0.47017980952380956	0.6525112380952381
Image_975.jpg	Image_975_scaled_106_crop_29_8_rot_5_blur_2_2.jpg	40	39	36	0.9113924050632911	0.5087299047619047	0.7779969523809523
Image_975.jpg	Image_975_scaled_94_crop_25_1_rot_1_blur_4_4.jpg	40	33	30	0.821917808219178	0.4229691428571428	0.666536380952381
Image_975.jpg	Image_975_scaled_119_crop_9_26_blur_4_4.jpg	40	38	37	0.9487179487179487	0.48960000000000004	0.7193180952380952
Image_975.jpg	Image_975_scaled_106_crop_31_2_rot_355_blur_2_2.jpg	40	36	34	0.8947368421052632	0.47278704761904766	0.7481653333333333
Image_975.jpg	Image_975_scaled_111_crop_14_18_rot_4_blur_3_3.jpg	40	38	36	0.9230769230769231	0.491559619047619	0.6965462857142857
Image_975.jpg	Image_975_scaled_90_crop_23_19_rot_358.jpg	40	37	35	0.9090909090909091	0.4552830476190476	0.6547253333333334
Image_975.jpg	Image_975_scaled_119_crop_24_2_blur_2_2.jpg	40	38	38	0.9743589743589743	0.525112380952381	0.7923824761904762
Image_975.jpg	Image_975_scaled_109_crop_39_25_blur_2_2.jpg	40	35	28	0.7466666666666667	0.39082514285714287	0.6497348571428572
Image_975.jpg	Image_975_scaled_84_crop_19_9_blur_2_2.jpg	40	40	38	0.95	0.4733127619047619	0.7622819047619047
Image_975.jpg	Image_975_scaled_113_crop_38_22.jpg	40	38	35	0.8461538461538461	0.4574460952380952	0.6464746666666666
Image_975.jpg	Image_975_scaled_117_crop_28_1_blur_3_3.jpg	40	38	32	0.8205128205128205	0.44471390476190475	0.658887619047619
Image_975.jpg	Image_975_scaled_111_crop_10_20_rot_1_blur_4_4.jpg	40	36	35	0.9210526315789473	0.4924358095238095	0.7272891428571429
Image_975.jpg	Image_975_scaled_102_crop_25_12_rot_359.jpg	40	39	36	0.9113924050632911	0.493424	0.6827786666666666
Image_975.jpg	Image_975_scaled_106_crop_27_23_rot_357_blur_1_1.jpg	40	38	37	0.9487179487179487	0.48944457142857145	0.6755436190476191
Image_975.jpg	Image_975_scaled_111_crop_10_20_rot_357_blur_2_2.jpg	40	39	38	0.9620253164556962	0.5151550476190476	0.7898224761904762
Image_975.jpg	Image_975_scaled_117_crop_15_22_blur_2_2.jpg	40	38	37	0.9487179487179487	0.508119619047619	0.776320761904762
Image_975.jpg	Image_975_scaled_109_crop_37_22_blur_3_3.jpg	40	36	34	0.8947368421052632	0.49237180952380954	0.6752060952380953
Image_975.jpg	Image_975_scaled_117_crop_24_32_blur_1_1.jpg	40	37	36	0.935064935064935	0.507880380952381	0.6799489523809524
Image_975.jpg	Image_975_scaled_113_crop_26_13.jpg	40	40	36	0.9	0.5389173333333334	0.7101478095238095
Image_975.jpg	Image_975_scaled_93_crop_37_18_rot_3_blur_1_1.jpg	40	34	33	0.8918918918918919	0.4918095238095238	0.6663177142857143
Image_975.jpg	Image_975_scaled_98_crop_10_24_rot_1.jpg	40	39	38	0.9620253164556962	0.5077043809523809	0.6965394285714286
Image_975.jpg	Image_975_scaled_86_crop_39_31.jpg	40	34	31	0.8378378378378378	0.45741714285714286	0.6324045714285714
Image_975.jpg	Image_975_scaled_94_crop_19_8_rot_357_blur_3_3.jpg	40	38	35	0.8974358974358975	0.4502986666666666	0.666424380952381
Image_975.jpg	Image_975_scaled_106_crop_34_15_rot_2_blur_2_2.jpg	40	39	36	0.9113924050632911	0.49356342857142854	0.7578019047619048
Image_618.jpg	Image_618_scaled_100_crop_3_6_rot_359_blur_1_1.jpg	178	194	174	0.9354838709677419	0.3464803001785923	0.6594648818169826
Image_618.jpg	Image_618_scaled_94_crop_5_4_rot_356_blur_2_2.jpg	178	293	168	0.7133757961783439	0.2748507922869895	0.6651847189544443
Image_618.jpg	Image_618_scaled_104_crop_5_5_rot_351_blur_4_4.jpg	178	451	164	0.5214626391096979	0.24306403142691213	0.5613536528531009
Image_618.jpg	Image_618_scaled_94_crop_5_9_rot_11_blur_4_4.jpg	178	273	156	0.6917960088691796	0.21458639875420182	0.5322956369128199
Image_618.jpg	Image_618_scaled_94_crop_6_6_rot_2_blur_2_2.jpg	178	231	172	0.8410757946210269	0.27048376434700216	0.6659005311515215
Image_618.jpg	Image_618_scaled_104_crop_6_9_rot_353_blur_3_3.jpg	178	394	165	0.5769230769230769	0.28014843158683667	0.5643780472665465
Image_618.jpg	Image_618_scaled_104_crop_6_9_rot_353_blur_4_4.jpg	178	386	162	0.574468085106383	0.24455670984666378	0.5679430473248254
Image_618.jpg	Image_618_scaled_100_crop_3_6_rot_350_blur_4_4.jpg	178	506	160	0.4678362573099415	0.23300639827687042	0.5746399338840407
Image_618.jpg	Image_618_scaled_94_crop_5_4_rot_5_blur_4_4.jpg	178	223	160	0.7980049875311721	0.23067968486502155	0.5614641051357722
Image_618.jpg	Image_618_scaled_104_crop_3_6_rot_9_blur_3_3.jpg	178	267	165	0.7415730337078652	0.2648867753095301	0.5505411699320395
Image_618.jpg	Image_618_scaled_94_crop_5_9_rot_7_blur_1_1.jpg	178	258	168	0.7706422018348624	0.3018882900044014	0.5768395439153281
Image_618.jpg	Image_618_scaled_104_crop_6_3_rot_6_blur_4_4.jpg	178	238	161	0.7740384615384616	0.2548724350140027	0.5787344388552259
Image_618.jpg	Image_618.jpg	178	178	178	1.0	1.0	1.0
Image_618.jpg	Image_618_scaled_100_crop_2_3_rot_359_blur_2_2.jpg	178	195	173	0.9276139410187667	0.29301195974356564	0.727287578706502
Image_618.jpg	Image_618_scaled_94_crop_6_6_rot_5_blur_1_1.jpg	178	235	168	0.8135593220338984	0.30569676611627383	0.5859652706201184
Image_618.jpg	Image_618_scaled_104_crop_5_5_rot_351_blur_1_1.jpg	178	474	169	0.5184049079754601	0.28064537435275794	0.5588302714739496
Image_618.jpg	Image_618_scaled_94_crop_2_3_rot_352_blur_3_3.jpg	178	420	164	0.5484949832775919	0.256081119708628	0.5520714058281433
Image_618.jpg	Image_618_scaled_100_crop_3_6_rot_359_blur_3_3.jpg	178	189	171	0.9318801089918256	0.29622395652657363	0.6281676632348754
Image_618.jpg	Image_618_scaled_100_crop_2_3_rot_3_blur_3_3.jpg	178	221	169	0.8471177944862155	0.2849572686575089	0.61341053522364
Image_618.jpg	Image_618_scaled_94_crop_5_4_rot_5_blur_3_3.jpg	178	234	167	0.8106796116504854	0.24683458003803482	0.5521550313419915
Image_618.jpg	Image_618_scaled_100_crop_3_6_rot_5_blur_4_4.jpg	178	230	163	0.7990196078431373	0.2530363739533166	0.6086440659464882
Image_618.jpg	Image_618_scaled_98_crop_2_1_rot_357_blur_2_2.jpg	178	244	170	0.8056872037914692	0.2848975097173032	0.6773716575002373
Image_618.jpg	Image_618_scaled_98_crop_2_1_rot_356_blur_3_3.jpg	178	274	168	0.7433628318584071	0.2763120186329485	0.5783050255418591
Image_618.jpg	Image_618_scaled_98_crop_1_7_rot_353_blur_4_4.jpg	178	378	163	0.5863309352517986	0.24002557608635922	0.5676194609891603
Image_618.jpg	Image_618_scaled_100_crop_1_4_rot_10_blur_3_3.jpg	178	280	164	0.7161572052401747	0.26662533494145935	0.5773932854262745
Image_618.jpg	Image_618_scaled_100_crop_3_6_rot_359_blur_4_4.jpg	178	189	166	0.9046321525885559	0.26327735419234866	0.6286146527071262
Image_618.jpg	Image_618_scaled_104_crop_5_5_rot_7_blur_4_4.jpg	178	255	162	0.7482678983833718	0.24399612288436234	0.5643045974236311
Image_618.jpg	Image_618_scaled_94_crop_6_6_rot_2_blur_1_1.jpg	178	238	174	0.8365384615384616	0.3154457989187517	0.6020857535241586
Image_618.jpg	Image_618_scaled_98_crop_1_7_rot_8_blur_3_3.jpg	178	274	165	0.7300884955752213	0.2577410491560761	0.5514035117905499
Image_618.jpg	Image_618_scaled_94_crop_6_6_rot_8_blur_4_4.jpg	178	257	158	0.7264367816091954	0.22923085433638068	0.5526923067672467
Image_618.jpg	Image_618_scaled_98_crop_1_7_rot_355_blur_2_2.jpg	178	329	168	0.6627218934911243	0.2879365200944525	0.6726157339184159
Image_618.jpg	Image_618_scaled_94_crop_5_4_rot_350_blur_1_1.jpg	178	518	166	0.47701149425287354	0.26039264398898143	0.5469223313239159
Image_618.jpg	Image_618_scaled_94_crop_2_3_rot_354_blur_1_1.jpg	178	350	170	0.6439393939393939	0.28850506258130126	0.5754393715949662
Image_618.jpg	Image_618_scaled_100_crop_1_4_rot_351_blur_3_3.jpg	178	451	165	0.5246422893481717	0.24935463119760803	0.5668699765719053
Image_618.jpg	Image_618_scaled_104_crop_3_6_rot_6_blur_2_2.jpg	178	237	167	0.8048192771084337	0.27865871336226555	0.6606530301575434
Image_618.jpg	Image_618_scaled_94_crop_5_9_rot_7_blur_2_2.jpg	178	266	167	0.7522522522522522	0.2652066614012195	0.6442648346018695
Image_618.jpg	Image_618_scaled_94_crop_6_6_rot_5_blur_3_3.jpg	178	236	166	0.8019323671497585	0.26080966148503004	0.5616245107121138
Image_618.jpg	Image_618_scaled_98_crop_1_7_rot_8_blur_4_4.jpg	178	274	159	0.7035398230088495	0.2405887532194435	0.5631625171205663
Image_618.jpg	Image_618_scaled_100_crop_2_1_rot_357_blur_4_4.jpg	178	241	166	0.7923627684964201	0.2544530123593699	0.6177720127976638
Image_618.jpg	Image_618_scaled_94_crop_2_3_rot_350_blur_1_1.jpg	178	492	168	0.5014925373134328	0.2682321658878578	0.5503837245508783
Image_618.jpg	Image_618_scaled_100_crop_2_3_rot_3_blur_4_4.jpg	178	223	164	0.8179551122194514	0.25156756210720754	0.6140591879925603
Image_618.jpg	Image_618_scaled_104_crop_6_9_rot_359_blur_4_4.jpg	178	195	167	0.8954423592493298	0.26712967819533184	0.6025950921073981
Image_618.jpg	Image_618_scaled_100_crop_2_1_rot_357_blur_1_1.jpg	178	251	173	0.8065268065268065	0.348014791355268	0.6548229257496093
Image_618.jpg	Image_618_scaled_104_crop_6_3_rot_357_blur_4_4.jpg	178	253	165	0.765661252900232	0.26032714967061354	0.5936632581869286
Image_618.jpg	Image_618_scaled_104_crop_3_6_rot_6_blur_1_1.jpg	178	234	169	0.8203883495145631	0.3044645848724036	0.5816702124254562
Image_618.jpg	Image_618_scaled_94_crop_5_9_rot_10_blur_4_4.jpg	178	262	158	0.7181818181818181	0.21854084949091124	0.5369078060161897
Image_618.jpg	Image_618_scaled_94_crop_5_9_rot_10_blur_2_2.jpg	178	276	166	0.7312775330396476	0.26261945081348936	0.6352510402773407
Image_618.jpg	Image_618_scaled_98_crop_8_2_rot_8_blur_4_4.jpg	178	254	160	0.7407407407407407	0.23286467893260543	0.556147964616047
Image_618.jpg	Image_618_scaled_94_crop_5_4_rot_5_blur_2_2.jpg	178	238	168	0.8076923076923077	0.2674569647749724	0.6541195093698503
Image_618.jpg	Image_618_scaled_104_crop_6_9_rot_359_blur_3_3.jpg	178	196	170	0.9090909090909091	0.28060393162023134	0.5848133846705182
Image_618.jpg	Image_618_scaled_100_crop_2_1_rot_353_blur_2_2.jpg	178	383	170	0.6060606060606061	0.2879141336184001	0.7039048119637769
Image_618.jpg	Image_618_scaled_98_crop_8_2_rot_356_blur_2_2.jpg	178	302	168	0.7	0.279008756442356	0.6678527798730409
Image_618.jpg	Image_618_scaled_98_crop_2_1_rot_356_blur_2_2.jpg	178	273	169	0.7494456762749445	0.2783976611497879	0.6714978902133912
Image_618.jpg	Image_618_scaled_94_crop_2_3_rot_7_blur_4_4.jpg	178	252	159	0.7395348837209302	0.2390751684212299	0.5684261141758382
Image_618.jpg	Image_618_scaled_100_crop_2_1_rot_11_blur_3_3.jpg	178	280	164	0.7161572052401747	0.2630842014568231	0.5730338429864373
Image_618.jpg	Image_618_scaled_98_crop_8_2_rot_356_blur_3_3.jpg	178	295	166	0.7019027484143763	0.2600092987131106	0.5628161742844514
Image_618.jpg	Image_618_scaled_100_crop_3_6_rot_353_blur_4_4.jpg	178	375	163	0.5895117540687161	0.24827712015191716	0.5967000484176924
