Image_618.jpg	Image_618_scaled_94_crop_5_9_rot_11_blur_4_4.jpg	178	273	156	0.6917960088691796	0.21458639875420182	0.5322956369128199
Image_618.jpg	Image_618_scaled_100_crop_3_6_rot_359_blur_1_1.jpg	178	194	174	0.9354838709677419	0.3464803001785923	0.6594648818169826
Image_618.jpg	Image_618_scaled_94_crop_5_4_rot_356_blur_2_2.jpg	178	293	168	0.7133757961783439	0.2748507922869895	0.6651847189544443
Image_618.jpg	Image_618_scaled_94_crop_6_6_rot_2_blur_2_2.jpg	178	231	172	0.8410757946210269	0.27048376434700216	0.6659005311515215
Image_618.jpg	Image_618_scaled_104_crop_5_5_rot_351_blur_4_4.jpg	178	451	164	0.5214626391096979	0.24306403142691213	0.5613536528531009
Image_618.jpg	Image_618_scaled_104_crop_6_9_rot_353_blur_4_4.jpg	178	386	162	0.574468085106383	0.24455670984666378	0.5679430473248254
Image_618.jpg	Image_618_scaled_104_crop_6_9_rot_353_blur_3_3.jpg	178	394	165	0.5769230769230769	0.28014843158683667	0.5643780472665465
Image_618.jpg	Image_618_scaled_100_crop_3_6_rot_350_blur_4_4.jpg	178	506	160	0.4678362573099415	0.23300639827687042	0.5746399338840407
Image_618.jpg	Image_618_scaled_100_crop_2_3_rot_359_blur_2_2.jpg	178	195	173	0.9276139410187667	0.29301195974356564	0.727287578706502
Image_618.jpg	Image_618_scaled_94_crop_5_4_rot_5_blur_4_4.jpg	178	223	160	0.7980049875311721	0.23067968486502155	0.5614641051357722
Image_618.jpg	Image_618_scaled_94_crop_6_6_rot_5_blur_1_1.jpg	178	235	168	0.8135593220338984	0.30569676611627383	0.5859652706201184
Image_618.jpg	Image_618.jpg	178	178	178	1.0	1.0	1.0
Image_618.jpg	Image_618_scaled_104_crop_3_6_rot_9_blur_3_3.jpg	178	267	165	0.7415730337078652	0.2648867753095301	0.5505411699320395
Image_618.jpg	Image_618_scaled_94_crop_5_9_rot_7_blur_1_1.jpg	178	258	168	0.7706422018348624	0.3018882900044014	0.5768395439153281
Image_618.jpg	Image_618_scaled_104_crop_6_3_rot_6_blur_4_4.jpg	178	238	161	0.7740384615384616	0.2548724350140027	0.5787344388552259
Image_618.jpg	Image_618_scaled_104_crop_5_5_rot_351_blur_1_1.jpg	178	474	169	0.5184049079754601	0.28064537435275794	0.5588302714739496
Image_618.jpg	Image_618_scaled_100_crop_3_6_rot_359_blur_3_3.jpg	178	189	171	0.9318801089918256	0.29622395652657363	0.6281676632348754
Image_618.jpg	Image_618_scaled_94_crop_2_3_rot_352_blur_3_3.jpg	178	420	164	0.5484949832775919	0.256081119708628	0.5520714058281433
Image_618.jpg	Image_618_scaled_100_crop_2_3_rot_3_blur_3_3.jpg	178	221	169	0.8471177944862155	0.2849572686575089	0.61341053522364
Image_618.jpg	Image_618_scaled_98_crop_2_1_rot_357_blur_2_2.jpg	178	244	170	0.8056872037914692	0.2848975097173032	0.6773716575002373
Image_618.jpg	Image_618_scaled_94_crop_5_4_rot_5_blur_3_3.jpg	178	234	167	0.8106796116504854	0.24683458003803482	0.5521550313419915
Image_618.jpg	Image_618_scaled_100_crop_3_6_rot_5_blur_4_4.jpg	178	230	163	0.7990196078431373	0.2530363739533166	0.6086440659464882
Image_618.jpg	Image_618_scaled_98_crop_2_1_rot_356_blur_3_3.jpg	178	274	168	0.7433628318584071	0.2763120186329485	0.5783050255418591
Image_618.jpg	Image_618_scaled_98_crop_1_7_rot_353_blur_4_4.jpg	178	378	163	0.5863309352517986	0.24002557608635922	0.5676194609891603
Image_618.jpg	Image_618_scaled_100_crop_1_4_rot_10_blur_3_3.jpg	178	280	164	0.7161572052401747	0.26662533494145935	0.5773932854262745
Image_618.jpg	Image_618_scaled_98_crop_1_7_rot_8_blur_3_3.jpg	178	274	165	0.7300884955752213	0.2577410491560761	0.5514035117905499
Image_618.jpg	Image_618_scaled_94_crop_5_4_rot_350_blur_1_1.jpg	178	518	166	0.47701149425287354	0.26039264398898143	0.5469223313239159
Image_618.jpg	Image_618_scaled_94_crop_6_6_rot_8_blur_4_4.jpg	178	257	158	0.7264367816091954	0.22923085433638068	0.5526923067672467
Image_618.jpg	Image_618_scaled_94_crop_6_6_rot_2_blur_1_1.jpg	178	238	174	0.8365384615384616	0.3154457989187517	0.6020857535241586
Image_618.jpg	Image_618_scaled_100_crop_3_6_rot_359_blur_4_4.jpg	178	189	166	0.9046321525885559	0.26327735419234866	0.6286146527071262
Image_618.jpg	Image_618_scaled_104_crop_5_5_rot_7_blur_4_4.jpg	178	255	162	0.7482678983833718	0.24399612288436234	0.5643045974236311
Image_618.jpg	Image_618_scaled_98_crop_1_7_rot_355_blur_2_2.jpg	178	329	168	0.6627218934911243	0.2879365200944525	0.6726157339184159
Image_618.jpg	Image_618_scaled_94_crop_2_3_rot_354_blur_1_1.jpg	178	350	170	0.6439393939393939	0.28850506258130126	0.5754393715949662
Image_618.jpg	Image_618_scaled_100_crop_1_4_rot_351_blur_3_3.jpg	178	451	165	0.5246422893481717	0.24935463119760803	0.5668699765719053
Image_618.jpg	Image_618_scaled_94_crop_2_3_rot_350_blur_1_1.jpg	178	492	168	0.5014925373134328	0.2682321658878578	0.5503837245508783
Image_618.jpg	Image_618_scaled_94_crop_6_6_rot_5_blur_3_3.jpg	178	236	166	0.8019323671497585	0.26080966148503004	0.5616245107121138
Image_618.jpg	Image_618_scaled_104_crop_3_6_rot_6_blur_2_2.jpg	178	237	167	0.8048192771084337	0.27865871336226555	0.6606530301575434
Image_618.jpg	Image_618_scaled_100_crop_2_1_rot_357_blur_4_4.jpg	178	241	166	0.7923627684964201	0.2544530123593699	0.6177720127976638
Image_618.jpg	Image_618_scaled_94_crop_5_9_rot_7_blur_2_2.jpg	178	266	167	0.7522522522522522	0.2652066614012195	0.6442648346018695
Image_618.jpg	Image_618_scaled_98_crop_1_7_rot_8_blur_4_4.jpg	178	274	159	0.7035398230088495	0.2405887532194435	0.5631625171205663
Image_618.jpg	Image_618_scaled_100_crop_2_3_rot_3_blur_4_4.jpg	178	223	164	0.8179551122194514	0.25156756210720754	0.6140591879925603
Image_618.jpg	Image_618_scaled_94_crop_5_9_rot_10_blur_2_2.jpg	178	276	166	0.7312775330396476	0.26261945081348936	0.6352510402773407
Image_618.jpg	Image_618_scaled_94_crop_5_9_rot_10_blur_4_4.jpg	178	262	158	0.7181818181818181	0.21854084949091124	0.5369078060161897
Image_618.jpg	Image_618_scaled_104_crop_6_9_rot_359_blur_4_4.jpg	178	195	167	0.8954423592493298	0.26712967819533184	0.6025950921073981
Image_618.jpg	Image_618_scaled_98_crop_8_2_rot_8_blur_4_4.jpg	178	254	160	0.7407407407407407	0.23286467893260543	0.556147964616047
Image_618.jpg	Image_618_scaled_104_crop_3_6_rot_6_blur_1_1.jpg	178	234	169	0.8203883495145631	0.3044645848724036	0.5816702124254562
Image_618.jpg	Image_618_scaled_100_crop_2_1_rot_357_blur_1_1.jpg	178	251	173	0.8065268065268065	0.348014791355268	0.6548229257496093
Image_618.jpg	Image_618_scaled_104_crop_6_3_rot_357_blur_4_4.jpg	178	253	165	0.765661252900232	0.26032714967061354	0.5936632581869286
Image_618.jpg	Image_618_scaled_94_crop_5_4_rot_5_blur_2_2.jpg	178	238	168	0.8076923076923077	0.2674569647749724	0.6541195093698503
Image_618.jpg	Image_618_scaled_104_crop_6_9_rot_359_blur_3_3.jpg	178	196	170	0.9090909090909091	0.28060393162023134	0.5848133846705182
Image_618.jpg	Image_618_scaled_100_crop_2_1_rot_11_blur_3_3.jpg	178	280	164	0.7161572052401747	0.2630842014568231	0.5730338429864373
Image_618.jpg	Image_618_scaled_94_crop_2_3_rot_7_blur_4_4.jpg	178	252	159	0.7395348837209302	0.2390751684212299	0.5684261141758382
Image_618.jpg	Image_618_scaled_100_crop_2_1_rot_353_blur_2_2.jpg	178	383	170	0.6060606060606061	0.2879141336184001	0.7039048119637769
Image_618.jpg	Image_618_scaled_98_crop_8_2_rot_356_blur_3_3.jpg	178	295	166	0.7019027484143763	0.2600092987131106	0.5628161742844514
Image_618.jpg	Image_618_scaled_98_crop_2_1_rot_356_blur_2_2.jpg	178	273	169	0.7494456762749445	0.2783976611497879	0.6714978902133912
Image_618.jpg	Image_618_scaled_98_crop_8_2_rot_356_blur_2_2.jpg	178	302	168	0.7	0.279008756442356	0.6678527798730409
Image_618.jpg	Image_618_scaled_100_crop_3_6_rot_353_blur_4_4.jpg	178	375	163	0.5895117540687161	0.24827712015191716	0.5967000484176924
Image_618.jpg	Image_618_scaled_104_crop_3_6_rot_355_blur_1_1.jpg	178	342	171	0.6576923076923077	0.30610194283160064	0.5856154125522266
Image_618.jpg	Image_618_scaled_98_crop_8_2_rot_8_blur_3_3.jpg	178	265	162	0.7313769751693002	0.26239540104076764	0.5534506717700431
Image_618.jpg	Image_618_scaled_100_crop_2_1_rot_357_blur_3_3.jpg	178	240	168	0.8038277511961722	0.29753273282073855	0.6227236792857938
Image_618.jpg	Image_618_scaled_94_crop_5_9_rot_11_blur_1_1.jpg	178	268	165	0.7399103139013453	0.25192130543127356	0.5350902461753816
Image_618.jpg	Image_618_scaled_98_crop_2_1_rot_356_blur_4_4.jpg	178	276	163	0.7180616740088106	0.245230524274618	0.5806722566252406
Image_618.jpg	Image_618_scaled_104_crop_6_3_rot_357_blur_1_1.jpg	178	248	170	0.7981220657276995	0.3397488163382053	0.6107189777557983
Image_618.jpg	Image_618_scaled_98_crop_3_7_rot_353_blur_1_1.jpg	178	391	170	0.5975395430579965	0.29193352363688096	0.5738956298083514
Image_618.jpg	Image_618_scaled_104_crop_3_6_rot_355_blur_3_3.jpg	178	342	166	0.6384615384615384	0.2704223402970075	0.5667304773740257
Image_618.jpg	Image_618_scaled_100_crop_2_1_rot_11_blur_4_4.jpg	178	277	162	0.7120879120879121	0.23379658537785686	0.57230137969147
Image_618.jpg	Image_618_scaled_104_crop_5_5_rot_353_blur_2_2.jpg	178	383	166	0.5918003565062389	0.2882310595149091	0.6645190450632362
Image_618.jpg	Image_618_scaled_100_crop_2_3_rot_3_blur_1_1.jpg	178	232	173	0.8439024390243902	0.33667798386286596	0.6464242969860218
Image_618.jpg	Image_618_scaled_104_crop_6_9_rot_2_blur_1_1.jpg	178	237	172	0.8289156626506025	0.34330419576214755	0.6138092365120095
Image_618.jpg	Image_618_scaled_104_crop_6_3_rot_357_blur_2_2.jpg	178	256	170	0.783410138248848	0.30669194673350786	0.6958088631573923
Image_618.jpg	Image_618_scaled_100_crop_2_1_rot_353_blur_3_3.jpg	178	373	166	0.6025408348457351	0.2780002549468099	0.5948847087232697
Image_618.jpg	Image_618_scaled_94_crop_5_4_rot_350_blur_4_4.jpg	178	505	161	0.47144948755490484	0.2185750767476854	0.5374352757949096
Image_618.jpg	Image_618_scaled_98_crop_2_1_rot_357_blur_3_3.jpg	178	245	169	0.7990543735224587	0.27633144491382045	0.5800737421621894
Image_618.jpg	Image_618_scaled_94_crop_5_9_rot_10_blur_1_1.jpg	178	276	167	0.73568281938326	0.28055027808258537	0.5573671950060027
Image_618.jpg	Image_618_scaled_94_crop_5_9_rot_10_blur_3_3.jpg	178	266	162	0.7297297297297297	0.25257069824898903	0.5412184052355492
Image_618.jpg	Image_618_scaled_98_crop_2_1_rot_358_blur_3_3.jpg	178	201	169	0.8918205804749341	0.26577927415644154	0.5782123344302706
Image_618.jpg	Image_618_scaled_98_crop_8_2_rot_356_blur_1_1.jpg	178	303	170	0.7068607068607069	0.3005436213436733	0.5884320382664431
Image_618.jpg	Image_618_scaled_100_crop_3_6_rot_5_blur_1_1.jpg	178	243	172	0.8171021377672208	0.32698741491520245	0.6299487756725239
Image_618.jpg	Image_618_scaled_104_crop_6_3_rot_6_blur_1_1.jpg	178	238	170	0.8173076923076923	0.318893871267402	0.5902521882780342
Image_618.jpg	Image_618_scaled_98_crop_8_2_rot_350_blur_3_3.jpg	178	513	166	0.4804630969609262	0.2568568758581097	0.5445249432521333
Image_618.jpg	Image_618_scaled_104_crop_5_5_rot_7_blur_3_3.jpg	178	251	163	0.7599067599067599	0.253945708910317	0.5484751387082707
Image_618.jpg	Image_618_scaled_98_crop_3_7_rot_4_blur_1_1.jpg	178	237	169	0.8144578313253013	0.3192683359577314	0.5969696111913139
Image_618.jpg	Image_618_scaled_98_crop_1_7_rot_8_blur_2_2.jpg	178	268	166	0.7443946188340808	0.27607446296971594	0.6517778099699003
Image_618.jpg	Image_618_scaled_94_crop_5_4_rot_355_blur_1_1.jpg	178	337	169	0.6563106796116505	0.2716138188571463	0.5669234450973525
Image_618.jpg	Image_618_scaled_98_crop_1_7_rot_355_blur_3_3.jpg	178	332	167	0.6549019607843137	0.2741714274930718	0.5715641060793344
Image_618.jpg	Image_618_scaled_94_crop_5_9_rot_11_blur_2_2.jpg	178	270	164	0.7321428571428571	0.24941735033299417	0.6159252210294486
Image_618.jpg	Image_618_scaled_100_crop_1_4_rot_351_blur_2_2.jpg	178	455	168	0.5308056872037915	0.26512451598496145	0.670118994295889
Image_618.jpg	Image_618_scaled_94_crop_2_3_rot_350_blur_4_4.jpg	178	522	149	0.42	0.20278447059406857	0.5188243436831007
Image_618.jpg	Image_618_scaled_104_crop_3_6_rot_2_blur_1_1.jpg	178	232	175	0.8536585365853658	0.32238690158035566	0.6067545363603549
Image_618.jpg	Image_618_scaled_94_crop_6_6_rot_5_blur_4_4.jpg	178	227	160	0.7901234567901234	0.2374194942543537	0.5693739316701847
Image_618.jpg	Image_618_scaled_94_crop_2_3_rot_354_blur_3_3.jpg	178	365	166	0.6114180478821363	0.2646838169274691	0.5645789705144209
Image_618.jpg	Image_618_scaled_104_crop_3_6_rot_9_blur_2_2.jpg	178	286	165	0.7112068965517241	0.27584541786762706	0.6492473981271956
Image_618.jpg	Image_618_scaled_104_crop_6_3_rot_7_blur_2_2.jpg	178	268	167	0.7488789237668162	0.2943532981847158	0.6708442421151039
Image_618.jpg	Image_618_scaled_94_crop_5_9_rot_7_blur_4_4.jpg	178	251	159	0.7412587412587412	0.23164230333527036	0.5573039208340201
Image_618.jpg	Image_618_scaled_98_crop_2_1_rot_358_blur_1_1.jpg	178	207	173	0.8987012987012987	0.31750128444719006	0.6070890384157479
Image_618.jpg	Image_618_scaled_100_crop_3_6_rot_350_blur_3_3.jpg	178	509	167	0.4861717612809316	0.26438724237282585	0.5755799808660385
Image_618.jpg	Image_618_scaled_98_crop_2_1_rot_356_blur_1_1.jpg	178	280	171	0.7467248908296943	0.3222622033583784	0.6025741857289361
Image_618.jpg	Image_618_scaled_94_crop_5_4_rot_355_blur_4_4.jpg	178	332	162	0.6352941176470588	0.23608352116696818	0.5684026176265932
Image_618.jpg	Image_618_scaled_98_crop_1_7_rot_355_blur_4_4.jpg	178	324	159	0.6334661354581673	0.2340641130172918	0.5667606343624267
Image_618.jpg	Image_618_scaled_98_crop_3_7_rot_355_blur_2_2.jpg	178	335	168	0.6549707602339181	0.27978469760403657	0.6646141413334088
Image_618.jpg	Image_618_scaled_104_crop_6_3_rot_6_blur_3_3.jpg	178	233	166	0.8077858880778589	0.28177875908248007	0.5727491092125159
Image_618.jpg	Image_618_scaled_94_crop_2_3_rot_7_blur_2_2.jpg	178	249	166	0.7775175644028103	0.2678301343799103	0.6515704112950688
Image_618.jpg	Image_618_scaled_104_crop_5_5_rot_353_blur_3_3.jpg	178	389	165	0.582010582010582	0.27423710682363844	0.5634672322119559
Image_618.jpg	Image_618_scaled_104_crop_6_9_rot_8_blur_2_2.jpg	178	263	167	0.7573696145124716	0.29023122639591237	0.6618480239494591
Image_618.jpg	Image_618_scaled_100_crop_3_6_rot_353_blur_2_2.jpg	178	381	167	0.5974955277280859	0.28784308893406885	0.7005214938846993
Image_618.jpg	Image_618_scaled_98_crop_3_7_rot_4_blur_4_4.jpg	178	230	162	0.7941176470588235	0.24038505478858752	0.5750112533669908
Image_618.jpg	Image_618_scaled_104_crop_5_5_rot_353_blur_4_4.jpg	178	377	164	0.590990990990991	0.2428977054602095	0.5643110728505885
Image_618.jpg	Image_618_scaled_104_crop_6_3_rot_7_blur_1_1.jpg	178	260	167	0.7625570776255708	0.33276516087088204	0.5931973974704022
Image_618.jpg	Image_618_scaled_98_crop_3_7_rot_4_blur_3_3.jpg	178	227	166	0.8197530864197531	0.26280279790247973	0.5663504623177329
Image_618.jpg	Image_618_scaled_104_crop_3_6_rot_355_blur_4_4.jpg	178	331	163	0.6404715127701375	0.23967664307946146	0.5679110402144365
Image_618.jpg	Image_618_scaled_100_crop_3_6_rot_5_blur_2_2.jpg	178	237	169	0.8144578313253013	0.29052743092615807	0.709002083052346
Image_618.jpg	Image_618_scaled_100_crop_1_4_rot_351_blur_4_4.jpg	178	438	164	0.5324675324675324	0.23303415010668727	0.5765401941777031
Image_618.jpg	Image_618_scaled_104_crop_3_6_rot_9_blur_4_4.jpg	178	273	161	0.7139689578713969	0.24582774365227766	0.563174542913487
Image_618.jpg	Image_618_scaled_98_crop_3_7_rot_11_blur_1_1.jpg	178	279	168	0.7352297592997812	0.2838016824639332	0.556725572700636
Image_618.jpg	Image_618_scaled_100_crop_2_1_rot_353_blur_1_1.jpg	178	376	170	0.6137184115523465	0.3337305545241126	0.6314323884945354
Image_618.jpg	Image_618_scaled_94_crop_5_9_rot_11_blur_3_3.jpg	178	270	161	0.7142857142857143	0.23573292305028137	0.5249056946569772
Image_618.jpg	Image_618_scaled_100_crop_2_3_rot_359_blur_1_1.jpg	178	193	174	0.9380053908355795	0.35587003929104066	0.6655699143523028
Image_618.jpg	Image_618_scaled_104_crop_6_9_rot_8_blur_4_4.jpg	178	258	159	0.7293577981651376	0.2430849378053742	0.5627279234656337
Image_618.jpg	Image_618_scaled_100_crop_1_4_rot_358_blur_4_4.jpg	178	214	167	0.8520408163265306	0.24998182255146995	0.6154606553983137
Image_618.jpg	Image_618_scaled_98_crop_3_7_rot_353_blur_2_2.jpg	178	377	168	0.6054054054054054	0.28970116644640964	0.6678087469697315
Image_618.jpg	Image_618_scaled_94_crop_5_4_rot_356_blur_4_4.jpg	178	292	162	0.6893617021276596	0.23761209195328292	0.5733235720897257
Image_618.jpg	Image_618_scaled_98_crop_1_7_rot_10_blur_1_1.jpg	178	281	168	0.7320261437908496	0.27980356884831203	0.557419738470456
Image_618.jpg	Image_618_scaled_94_crop_5_4_rot_356_blur_1_1.jpg	178	297	170	0.7157894736842105	0.275556243800935	0.5750526960995174
Image_618.jpg	Image_618_scaled_98_crop_3_7_rot_11_blur_4_4.jpg	178	262	157	0.7136363636363636	0.23610442754543026	0.5517703909807293
Image_618.jpg	Image_618_scaled_100_crop_1_4_rot_358_blur_2_2.jpg	178	214	172	0.8775510204081632	0.2736419225801653	0.7021853085883217
Image_618.jpg	Image_618_scaled_100_crop_1_4_rot_358_blur_3_3.jpg	178	215	169	0.8600508905852418	0.27761006421958434	0.6105887291678577
Image_618.jpg	Image_618_scaled_100_crop_3_6_rot_350_blur_2_2.jpg	178	500	169	0.49852507374631266	0.2703420450027373	0.671965046015309
Image_618.jpg	Image_618_scaled_104_crop_5_5_rot_351_blur_3_3.jpg	178	452	166	0.526984126984127	0.2628468308057892	0.5488614441793219
Image_618.jpg	Image_618_scaled_94_crop_6_6_rot_2_blur_3_3.jpg	178	232	169	0.824390243902439	0.2674863817145784	0.5758732252011036
Image_618.jpg	Image_618_scaled_104_crop_6_9_rot_2_blur_4_4.jpg	178	231	168	0.8215158924205379	0.26329900061960587	0.5966018069401406
Image_618.jpg	Image_618_scaled_98_crop_1_7_rot_353_blur_3_3.jpg	178	379	165	0.59245960502693	0.2656247889704607	0.5587372103379636
Image_618.jpg	Image_618_scaled_98_crop_3_7_rot_355_blur_4_4.jpg	178	322	160	0.64	0.2369480831718639	0.568171352378119
Image_618.jpg	Image_618_scaled_94_crop_6_6_rot_8_blur_3_3.jpg	178	258	163	0.7477064220183486	0.25654679541295555	0.5496164789625404
Image_618.jpg	Image_618_scaled_94_crop_6_6_rot_5_blur_2_2.jpg	178	235	167	0.8087167070217918	0.26684087415303726	0.6526266459378999
Image_618.jpg	Image_618_scaled_94_crop_2_3_rot_7_blur_3_3.jpg	178	242	162	0.7714285714285715	0.2601650789844828	0.5578476716862326
Image_618.jpg	Image_618_scaled_98_crop_1_7_rot_353_blur_1_1.jpg	178	379	169	0.6068222621184919	0.3086582563821345	0.5823379214508508
Image_618.jpg	Image_618_scaled_98_crop_2_1_rot_358_blur_2_2.jpg	178	213	173	0.8849104859335039	0.2913594307840688	0.6875665697017733
Image_618.jpg	Image_618_scaled_100_crop_2_1_rot_11_blur_1_1.jpg	178	275	168	0.7417218543046358	0.3199906235817659	0.611093997482724
Image_618.jpg	Image_618_scaled_94_crop_2_3_rot_352_blur_4_4.jpg	178	399	159	0.5511265164644714	0.22738998295852642	0.554753712686046
Image_618.jpg	Image_618_scaled_104_crop_6_9_rot_2_blur_2_2.jpg	178	239	172	0.8249400479616307	0.29970292591242	0.6909922555743713
Image_618.jpg	Image_618_scaled_94_crop_6_6_rot_8_blur_1_1.jpg	178	274	168	0.7433628318584071	0.29479362721781066	0.5709580061161332
Image_618.jpg	Image_618_scaled_94_crop_5_9_rot_8_blur_2_2.jpg	178	268	165	0.7399103139013453	0.25940874911587297	0.635439382695698
Image_618.jpg	Image_618_scaled_94_crop_5_4_rot_355_blur_3_3.jpg	178	342	166	0.6384615384615384	0.24604883322981896	0.5526084962411997
Image_618.jpg	Image_618_scaled_104_crop_5_5_rot_353_blur_1_1.jpg	178	377	168	0.6054054054054054	0.30914132323314736	0.580348300265178
Image_618.jpg	Image_618_scaled_98_crop_8_2_rot_8_blur_2_2.jpg	178	281	165	0.7189542483660131	0.27445061090102973	0.6508740253788634
Image_618.jpg	Image_618_scaled_98_crop_3_7_rot_355_blur_3_3.jpg	178	333	167	0.6536203522504892	0.2627693106945006	0.5631675124499333
Image_618.jpg	Image_618_scaled_104_crop_3_6_rot_2_blur_3_3.jpg	178	229	170	0.8353808353808354	0.2845874292721491	0.5868240972468519
Image_618.jpg	Image_618_scaled_100_crop_3_6_rot_353_blur_1_1.jpg	178	386	170	0.6028368794326241	0.3377588251281348	0.6321940837169099
Image_618.jpg	Image_618_scaled_100_crop_1_4_rot_10_blur_2_2.jpg	178	289	166	0.7109207708779444	0.2744770676454552	0.6787361224662348
Image_618.jpg	Image_618_scaled_98_crop_8_2_rot_350_blur_4_4.jpg	178	509	160	0.4657933042212518	0.22980550222578922	0.5500386768001548
Image_618.jpg	Image_618_scaled_104_crop_6_3_rot_357_blur_3_3.jpg	178	247	167	0.7858823529411765	0.2912162313422135	0.5866065229010875
Image_618.jpg	Image_618_scaled_100_crop_1_4_rot_351_blur_1_1.jpg	178	432	170	0.5573770491803278	0.274099087723349	0.5856113422838535
Image_618.jpg	Image_618_scaled_98_crop_8_2_rot_350_blur_2_2.jpg	178	522	167	0.47714285714285715	0.2632723588629816	0.6369986655070102
Image_618.jpg	Image_618_scaled_94_crop_5_4_rot_350_blur_2_2.jpg	178	521	167	0.47782546494992845	0.24393432880997012	0.6170253035633905
Image_618.jpg	Image_618_scaled_94_crop_2_3_rot_352_blur_2_2.jpg	178	407	167	0.5709401709401709	0.27261973018190955	0.6531633663265587
Image_618.jpg	Image_618_scaled_100_crop_2_3_rot_3_blur_2_2.jpg	178	229	171	0.8402948402948403	0.29283027776436443	0.7200284400751964
Image_618.jpg	Image_618_scaled_98_crop_1_7_rot_10_blur_2_2.jpg	178	270	165	0.7366071428571429	0.27788684246895823	0.6507186151318887
Image_997.jpg	Image_997_scaled_101_crop_2_3_rot_1_blur_3_3.jpg	83	90	82	0.9248554913294798	0.5247204357726614	0.7303152771633576
Image_997.jpg	Image_997_scaled_99_crop_4_1_rot_1_blur_4_4.jpg	83	87	82	0.9411764705882353	0.4920469340375885	0.7432156907205647
Image_997.jpg	Image_997_scaled_114_crop_6_7_rot_352_blur_1_1.jpg	83	101	80	0.8478260869565217	0.49678050049240063	0.6799486999364955
Image_997.jpg	Image_997_scaled_101_crop_2_3_rot_11_blur_3_3.jpg	83	95	74	0.8202247191011236	0.47185424942812615	0.6665321735058106
Image_997.jpg	Image_997_scaled_114_crop_6_6_rot_1_blur_2_2.jpg	83	91	82	0.9195402298850575	0.5356736625340586	0.8222520972411488
Image_997.jpg	Image_997_scaled_99_crop_6_7_rot_358_blur_2_2.jpg	83	96	83	0.9050279329608939	0.5068934228768791	0.806839847915282
Image_997.jpg	Image_997_scaled_114_crop_6_7_rot_355_blur_4_4.jpg	83	100	80	0.8524590163934426	0.4767104528973828	0.7107181786587883
Image_997.jpg	Image_997_scaled_99_crop_3_2_rot_351_blur_3_3.jpg	83	99	80	0.8571428571428571	0.46940262065296245	0.6721138249336241
Image_997.jpg	Image_997_scaled_114_crop_6_7_rot_352_blur_2_2.jpg	83	100	76	0.819672131147541	0.4271030395454354	0.7083912246732335
Image_997.jpg	Image_997_scaled_101_crop_3_2_rot_355_blur_1_1.jpg	83	94	79	0.8700564971751412	0.48231711338403316	0.6830644581629939
Image_997.jpg	Image_997_scaled_99_crop_4_1_rot_350_blur_1_1.jpg	83	99	80	0.8681318681318682	0.4767030428058756	0.6694649024720807
Image_997.jpg	Image_997.jpg	83	83	83	1.0	1.0	1.0
Image_997.jpg	Image_997_scaled_114_crop_6_6_rot_6_blur_3_3.jpg	83	100	74	0.7978142076502732	0.4914191140346392	0.6884686378992094
Image_997.jpg	Image_997_scaled_101_crop_5_6_rot_353_blur_3_3.jpg	83	102	82	0.8648648648648649	0.47827713149429685	0.6787669755933816
Image_997.jpg	Image_997_scaled_101_crop_3_2_rot_355_blur_4_4.jpg	83	96	82	0.8938547486033519	0.47067678588762896	0.712825979188017
Image_997.jpg	Image_997_scaled_101_crop_5_6_rot_2_blur_4_4.jpg	83	101	78	0.8369565217391305	0.47912892151305175	0.7273141901029336
Image_997.jpg	Image_997_scaled_97_crop_9_1_rot_350_blur_1_1.jpg	83	99	79	0.8461538461538461	0.4737554936565912	0.6656409247497798
Image_997.jpg	Image_997_scaled_114_crop_3_5_rot_358_blur_2_2.jpg	83	88	82	0.935672514619883	0.5175183825845066	0.805176282371911
Image_997.jpg	Image_997_scaled_114_crop_6_7_rot_354_blur_3_3.jpg	83	99	81	0.8681318681318682	0.4793649329275568	0.676508379701981
Image_997.jpg	Image_997_scaled_101_crop_3_5_rot_353_blur_3_3.jpg	83	102	81	0.8648648648648649	0.45662947541739196	0.6640644277816187
Image_997.jpg	Image_997_scaled_101_crop_3_2_rot_352_blur_4_4.jpg	83	97	78	0.8444444444444444	0.43181196744598604	0.6731705039825536
Image_997.jpg	Image_997_scaled_97_crop_9_1_rot_351_blur_3_3.jpg	83	96	79	0.8603351955307262	0.44751487761122366	0.6544822532013448
Image_997.jpg	Image_997_scaled_99_crop_6_7_rot_1_blur_4_4.jpg	83	94	82	0.903954802259887	0.4855714403217165	0.7353608084706238
Image_997.jpg	Image_997_scaled_114_crop_6_7_rot_354_blur_2_2.jpg	83	99	81	0.8681318681318682	0.5027415486053837	0.7817707673372059
Image_997.jpg	Image_997_scaled_101_crop_3_2_rot_351_blur_2_2.jpg	83	97	80	0.8666666666666667	0.4671790374439334	0.755302476230279
Image_997.jpg	Image_997_scaled_101_crop_5_6_rot_2_blur_1_1.jpg	83	102	78	0.8324324324324325	0.5352422099560508	0.7254155394064962
Image_997.jpg	Image_997_scaled_99_crop_8_6_rot_354_blur_2_2.jpg	83	106	81	0.8359788359788359	0.44927106929843474	0.7458601671272038
Image_997.jpg	Image_997_scaled_114_crop_3_2_rot_5_blur_4_4.jpg	83	97	75	0.8222222222222222	0.4873852454703963	0.7183750262131987
Image_997.jpg	Image_997_scaled_114_crop_3_2_rot_5_blur_1_1.jpg	83	98	75	0.8176795580110497	0.5331282961013286	0.7154669358011903
Image_997.jpg	Image_997_scaled_97_crop_4_1_rot_354_blur_1_1.jpg	83	93	81	0.8977272727272727	0.512150697548964	0.7044092267495411
Image_997.jpg	Image_997_scaled_97_crop_4_9_rot_355_blur_1_1.jpg	83	102	81	0.8540540540540541	0.4918490845943456	0.6904160099473068
Image_997.jpg	Image_997_scaled_114_crop_3_2_rot_2_blur_4_4.jpg	83	96	78	0.8603351955307262	0.5061357410202658	0.7443549922897997
Image_997.jpg	Image_997_scaled_97_crop_4_9_rot_6_blur_3_3.jpg	83	99	75	0.8131868131868132	0.474131926305158	0.6782041791434082
Image_997.jpg	Image_997_scaled_97_crop_9_4_rot_353_blur_2_2.jpg	83	106	82	0.8465608465608465	0.47329495646941744	0.7665185759878949
Image_997.jpg	Image_997_scaled_97_crop_4_1_rot_357_blur_2_2.jpg	83	90	83	0.9364161849710982	0.49873028082023785	0.8036170138665042
Image_997.jpg	Image_997_scaled_114_crop_6_7_rot_8_blur_3_3.jpg	83	105	74	0.776595744680851	0.49107361851811504	0.6801793390346578
Image_997.jpg	Image_997_scaled_97_crop_9_4_rot_356_blur_2_2.jpg	83	102	81	0.8540540540540541	0.49179110062830167	0.7897190167401377
Image_997.jpg	Image_997_scaled_114_crop_6_6_rot_358_blur_4_4.jpg	83	97	82	0.8777777777777778	0.4876686814705474	0.7273221559513039
Image_997.jpg	Image_997_scaled_114_crop_6_6_rot_11_blur_1_1.jpg	83	100	74	0.7978142076502732	0.4883555969532668	0.6674432442566234
Image_997.jpg	Image_997_scaled_114_crop_6_7_rot_8_blur_4_4.jpg	83	107	73	0.7578947368421053	0.479836770504279	0.7026404379067677
Image_997.jpg	Image_997_scaled_97_crop_9_1_rot_351_blur_1_1.jpg	83	98	80	0.8729281767955801	0.483198543768817	0.6738952109319598
Image_997.jpg	Image_997_scaled_97_crop_4_1_rot_356_blur_1_1.jpg	83	91	81	0.9080459770114943	0.5122737050679839	0.7095835083967452
Image_997.jpg	Image_997_scaled_101_crop_3_2_rot_352_blur_1_1.jpg	83	99	81	0.8791208791208791	0.4889617424385574	0.6816845138720619
Image_997.jpg	Image_997_scaled_114_crop_3_5_rot_359_blur_1_1.jpg	83	89	83	0.9418604651162791	0.5828109218820743	0.7573539600640529
Image_997.jpg	Image_997_scaled_97_crop_9_1_rot_356_blur_3_3.jpg	83	98	81	0.8729281767955801	0.46167463622008265	0.6753900116412538
Image_997.jpg	Image_997_scaled_101_crop_3_2_rot_1_blur_3_3.jpg	83	89	82	0.9302325581395349	0.5175915572381403	0.7253116128731074
Image_997.jpg	Image_997_scaled_97_crop_9_4_rot_353_blur_3_3.jpg	83	103	82	0.8602150537634409	0.4737102920983971	0.6769246415923991
Image_997.jpg	Image_997_scaled_101_crop_2_3_rot_11_blur_2_2.jpg	83	102	74	0.7783783783783784	0.4361952218247943	0.7190904705482208
Image_997.jpg	Image_997_scaled_97_crop_4_1_rot_356_blur_3_3.jpg	83	90	81	0.9132947976878613	0.4730650583804059	0.6882198440768545
Image_997.jpg	Image_997_scaled_99_crop_8_6_rot_9_blur_1_1.jpg	83	111	74	0.7525773195876289	0.4820396054570878	0.6724822917338206
Image_997.jpg	Image_997_scaled_99_crop_6_7_rot_1_blur_1_1.jpg	83	97	82	0.8888888888888888	0.5142855449121941	0.7168076066071339
Image_997.jpg	Image_997_scaled_114_crop_6_6_rot_11_blur_2_2.jpg	83	97	74	0.8111111111111111	0.45000355684392346	0.7246202513354837
Image_997.jpg	Image_997_scaled_101_crop_2_3_rot_8_blur_4_4.jpg	83	101	74	0.7934782608695652	0.4485624792980568	0.6876657544844021
Image_997.jpg	Image_997_scaled_114_crop_3_5_rot_359_blur_3_3.jpg	83	88	82	0.935672514619883	0.5473112112461477	0.7412942539927425
Image_997.jpg	Image_997_scaled_114_crop_6_6_rot_358_blur_2_2.jpg	83	99	83	0.8901098901098901	0.5231020717874846	0.8086062284783154
Image_997.jpg	Image_997_scaled_99_crop_4_1_rot_353_blur_3_3.jpg	83	95	81	0.8876404494382022	0.48860957783967673	0.6893137588356079
Image_997.jpg	Image_997_scaled_99_crop_3_2_rot_351_blur_1_1.jpg	83	96	79	0.8715083798882681	0.4950393142404915	0.6835224018181401
Image_997.jpg	Image_997_scaled_114_crop_3_5_rot_358_blur_3_3.jpg	83	88	83	0.9473684210526315	0.5304591811404279	0.7266826650542307
Image_997.jpg	Image_997_scaled_101_crop_2_3_rot_8_blur_2_2.jpg	83	101	74	0.7934782608695652	0.4797743404833307	0.7691158130611755
Image_997.jpg	Image_997_scaled_99_crop_8_6_rot_9_blur_2_2.jpg	83	110	74	0.7564766839378239	0.4475652662334727	0.7372985473997619
Image_997.jpg	Image_997_scaled_99_crop_8_6_rot_9_blur_4_4.jpg	83	110	73	0.7461139896373057	0.4229741365576124	0.6620001615399949
Image_997.jpg	Image_997_scaled_97_crop_4_9_rot_352_blur_2_2.jpg	83	102	79	0.8324324324324325	0.46706973859420187	0.7600378952079679
Image_997.jpg	Image_997_scaled_99_crop_3_2_rot_355_blur_3_3.jpg	83	94	81	0.8926553672316384	0.49574660747485566	0.7001819547969598
Image_997.jpg	Image_997_scaled_114_crop_3_2_rot_7_blur_2_2.jpg	83	99	74	0.8021978021978022	0.493907793267339	0.7714247975748253
Image_997.jpg	Image_997_scaled_101_crop_3_2_rot_355_blur_3_3.jpg	83	94	81	0.8926553672316384	0.47191649419678683	0.6805998617276925
Image_618.jpg	Image_618_scaled_94_crop_5_4_rot_356_blur_2_2.jpg	178	293	168	0.7133757961783439	0.2748507922869895	0.6651847189544443
Image_618.jpg	Image_618_scaled_100_crop_3_6_rot_359_blur_1_1.jpg	178	194	174	0.9354838709677419	0.3464803001785923	0.6594648818169826
Image_618.jpg	Image_618_scaled_104_crop_6_9_rot_353_blur_4_4.jpg	178	386	162	0.574468085106383	0.24455670984666378	0.5679430473248254
Image_618.jpg	Image_618_scaled_100_crop_3_6_rot_350_blur_4_4.jpg	178	506	160	0.4678362573099415	0.23300639827687042	0.5746399338840407
Image_618.jpg	Image_618_scaled_94_crop_5_9_rot_11_blur_4_4.jpg	178	273	156	0.6917960088691796	0.21458639875420182	0.5322956369128199
Image_618.jpg	Image_618_scaled_104_crop_5_5_rot_351_blur_4_4.jpg	178	451	164	0.5214626391096979	0.24306403142691213	0.5613536528531009
Image_618.jpg	Image_618_scaled_104_crop_6_9_rot_353_blur_3_3.jpg	178	394	165	0.5769230769230769	0.28014843158683667	0.5643780472665465
Image_618.jpg	Image_618_scaled_94_crop_5_4_rot_5_blur_4_4.jpg	178	223	160	0.7980049875311721	0.23067968486502155	0.5614641051357722
Image_618.jpg	Image_618_scaled_104_crop_5_5_rot_351_blur_1_1.jpg	178	474	169	0.5184049079754601	0.28064537435275794	0.5588302714739496
Image_618.jpg	Image_618_scaled_94_crop_6_6_rot_2_blur_2_2.jpg	178	231	172	0.8410757946210269	0.27048376434700216	0.6659005311515215
Image_618.jpg	Image_618_scaled_100_crop_2_3_rot_359_blur_2_2.jpg	178	195	173	0.9276139410187667	0.29301195974356564	0.727287578706502
Image_618.jpg	Image_618_scaled_94_crop_6_6_rot_5_blur_1_1.jpg	178	235	168	0.8135593220338984	0.30569676611627383	0.5859652706201184
Image_618.jpg	Image_618_scaled_104_crop_6_3_rot_6_blur_4_4.jpg	178	238	161	0.7740384615384616	0.2548724350140027	0.5787344388552259
Image_618.jpg	Image_618_scaled_104_crop_3_6_rot_9_blur_3_3.jpg	178	267	165	0.7415730337078652	0.2648867753095301	0.5505411699320395
Image_618.jpg	Image_618_scaled_100_crop_3_6_rot_359_blur_3_3.jpg	178	189	171	0.9318801089918256	0.29622395652657363	0.6281676632348754
Image_618.jpg	Image_618_scaled_94_crop_5_9_rot_7_blur_1_1.jpg	178	258	168	0.7706422018348624	0.3018882900044014	0.5768395439153281
Image_618.jpg	Image_618.jpg	178	178	178	1.0	1.0	1.0
Image_618.jpg	Image_618_scaled_94_crop_2_3_rot_352_blur_3_3.jpg	178	420	164	0.5484949832775919	0.256081119708628	0.5520714058281433
Image_618.jpg	Image_618_scaled_98_crop_2_1_rot_356_blur_3_3.jpg	178	274	168	0.7433628318584071	0.2763120186329485	0.5783050255418591
Image_618.jpg	Image_618_scaled_100_crop_2_3_rot_3_blur_3_3.jpg	178	221	169	0.8471177944862155	0.2849572686575089	0.61341053522364
Image_618.jpg	Image_618_scaled_98_crop_1_7_rot_353_blur_4_4.jpg	178	378	163	0.5863309352517986	0.24002557608635922	0.5676194609891603
Image_618.jpg	Image_618_scaled_98_crop_2_1_rot_357_blur_2_2.jpg	178	244	170	0.8056872037914692	0.2848975097173032	0.6773716575002373
Image_618.jpg	Image_618_scaled_100_crop_3_6_rot_5_blur_4_4.jpg	178	230	163	0.7990196078431373	0.2530363739533166	0.6086440659464882
Image_618.jpg	Image_618_scaled_94_crop_5_4_rot_5_blur_3_3.jpg	178	234	167	0.8106796116504854	0.24683458003803482	0.5521550313419915
Image_618.jpg	Image_618_scaled_100_crop_1_4_rot_10_blur_3_3.jpg	178	280	164	0.7161572052401747	0.26662533494145935	0.5773932854262745
Image_618.jpg	Image_618_scaled_94_crop_5_4_rot_350_blur_1_1.jpg	178	518	166	0.47701149425287354	0.26039264398898143	0.5469223313239159
Image_618.jpg	Image_618_scaled_94_crop_6_6_rot_2_blur_1_1.jpg	178	238	174	0.8365384615384616	0.3154457989187517	0.6020857535241586
Image_618.jpg	Image_618_scaled_98_crop_1_7_rot_8_blur_3_3.jpg	178	274	165	0.7300884955752213	0.2577410491560761	0.5514035117905499
Image_618.jpg	Image_618_scaled_100_crop_3_6_rot_359_blur_4_4.jpg	178	189	166	0.9046321525885559	0.26327735419234866	0.6286146527071262
Image_618.jpg	Image_618_scaled_94_crop_6_6_rot_8_blur_4_4.jpg	178	257	158	0.7264367816091954	0.22923085433638068	0.5526923067672467
Image_618.jpg	Image_618_scaled_104_crop_5_5_rot_7_blur_4_4.jpg	178	255	162	0.7482678983833718	0.24399612288436234	0.5643045974236311
Image_618.jpg	Image_618_scaled_98_crop_1_7_rot_355_blur_2_2.jpg	178	329	168	0.6627218934911243	0.2879365200944525	0.6726157339184159
Image_618.jpg	Image_618_scaled_94_crop_2_3_rot_354_blur_1_1.jpg	178	350	170	0.6439393939393939	0.28850506258130126	0.5754393715949662
Image_618.jpg	Image_618_scaled_94_crop_6_6_rot_5_blur_3_3.jpg	178	236	166	0.8019323671497585	0.26080966148503004	0.5616245107121138
Image_618.jpg	Image_618_scaled_98_crop_1_7_rot_8_blur_4_4.jpg	178	274	159	0.7035398230088495	0.2405887532194435	0.5631625171205663
Image_618.jpg	Image_618_scaled_100_crop_1_4_rot_351_blur_3_3.jpg	178	451	165	0.5246422893481717	0.24935463119760803	0.5668699765719053
Image_618.jpg	Image_618_scaled_94_crop_2_3_rot_350_blur_1_1.jpg	178	492	168	0.5014925373134328	0.2682321658878578	0.5503837245508783
Image_618.jpg	Image_618_scaled_100_crop_2_1_rot_357_blur_4_4.jpg	178	241	166	0.7923627684964201	0.2544530123593699	0.6177720127976638
Image_618.jpg	Image_618_scaled_94_crop_5_9_rot_7_blur_2_2.jpg	178	266	167	0.7522522522522522	0.2652066614012195	0.6442648346018695
Image_618.jpg	Image_618_scaled_100_crop_2_3_rot_3_blur_4_4.jpg	178	223	164	0.8179551122194514	0.25156756210720754	0.6140591879925603
Image_618.jpg	Image_618_scaled_104_crop_3_6_rot_6_blur_2_2.jpg	178	237	167	0.8048192771084337	0.27865871336226555	0.6606530301575434
Image_618.jpg	Image_618_scaled_94_crop_5_9_rot_10_blur_2_2.jpg	178	276	166	0.7312775330396476	0.26261945081348936	0.6352510402773407
Image_618.jpg	Image_618_scaled_94_crop_5_9_rot_10_blur_4_4.jpg	178	262	158	0.7181818181818181	0.21854084949091124	0.5369078060161897
Image_618.jpg	Image_618_scaled_104_crop_6_9_rot_359_blur_4_4.jpg	178	195	167	0.8954423592493298	0.26712967819533184	0.6025950921073981
Image_618.jpg	Image_618_scaled_100_crop_2_1_rot_357_blur_1_1.jpg	178	251	173	0.8065268065268065	0.348014791355268	0.6548229257496093
Image_618.jpg	Image_618_scaled_98_crop_8_2_rot_8_blur_4_4.jpg	178	254	160	0.7407407407407407	0.23286467893260543	0.556147964616047
Image_618.jpg	Image_618_scaled_94_crop_5_4_rot_5_blur_2_2.jpg	178	238	168	0.8076923076923077	0.2674569647749724	0.6541195093698503
Image_618.jpg	Image_618_scaled_104_crop_3_6_rot_6_blur_1_1.jpg	178	234	169	0.8203883495145631	0.3044645848724036	0.5816702124254562
Image_618.jpg	Image_618_scaled_104_crop_6_3_rot_357_blur_4_4.jpg	178	253	165	0.765661252900232	0.26032714967061354	0.5936632581869286
Image_618.jpg	Image_618_scaled_104_crop_6_9_rot_359_blur_3_3.jpg	178	196	170	0.9090909090909091	0.28060393162023134	0.5848133846705182
Image_618.jpg	Image_618_scaled_100_crop_2_1_rot_11_blur_3_3.jpg	178	280	164	0.7161572052401747	0.2630842014568231	0.5730338429864373
Image_618.jpg	Image_618_scaled_100_crop_2_1_rot_353_blur_2_2.jpg	178	383	170	0.6060606060606061	0.2879141336184001	0.7039048119637769
Image_618.jpg	Image_618_scaled_94_crop_2_3_rot_7_blur_4_4.jpg	178	252	159	0.7395348837209302	0.2390751684212299	0.5684261141758382
Image_618.jpg	Image_618_scaled_98_crop_8_2_rot_356_blur_3_3.jpg	178	295	166	0.7019027484143763	0.2600092987131106	0.5628161742844514
Image_618.jpg	Image_618_scaled_98_crop_2_1_rot_356_blur_2_2.jpg	178	273	169	0.7494456762749445	0.2783976611497879	0.6714978902133912
Image_618.jpg	Image_618_scaled_98_crop_8_2_rot_356_blur_2_2.jpg	178	302	168	0.7	0.279008756442356	0.6678527798730409
Image_618.jpg	Image_618_scaled_100_crop_3_6_rot_353_blur_4_4.jpg	178	375	163	0.5895117540687161	0.24827712015191716	0.5967000484176924
Image_618.jpg	Image_618_scaled_98_crop_8_2_rot_8_blur_3_3.jpg	178	265	162	0.7313769751693002	0.26239540104076764	0.5534506717700431
Image_618.jpg	Image_618_scaled_104_crop_3_6_rot_355_blur_1_1.jpg	178	342	171	0.6576923076923077	0.30610194283160064	0.5856154125522266
Image_618.jpg	Image_618_scaled_98_crop_3_7_rot_353_blur_1_1.jpg	178	391	170	0.5975395430579965	0.29193352363688096	0.5738956298083514
Image_618.jpg	Image_618_scaled_94_crop_5_9_rot_11_blur_1_1.jpg	178	268	165	0.7399103139013453	0.25192130543127356	0.5350902461753816
Image_618.jpg	Image_618_scaled_98_crop_2_1_rot_356_blur_4_4.jpg	178	276	163	0.7180616740088106	0.245230524274618	0.5806722566252406
Image_618.jpg	Image_618_scaled_104_crop_6_3_rot_357_blur_1_1.jpg	178	248	170	0.7981220657276995	0.3397488163382053	0.6107189777557983
Image_618.jpg	Image_618_scaled_100_crop_2_1_rot_357_blur_3_3.jpg	178	240	168	0.8038277511961722	0.29753273282073855	0.6227236792857938
Image_618.jpg	Image_618_scaled_104_crop_3_6_rot_355_blur_3_3.jpg	178	342	166	0.6384615384615384	0.2704223402970075	0.5667304773740257
Image_618.jpg	Image_618_scaled_100_crop_2_1_rot_11_blur_4_4.jpg	178	277	162	0.7120879120879121	0.23379658537785686	0.57230137969147
Image_618.jpg	Image_618_scaled_100_crop_2_1_rot_353_blur_3_3.jpg	178	373	166	0.6025408348457351	0.2780002549468099	0.5948847087232697
Image_618.jpg	Image_618_scaled_104_crop_6_3_rot_357_blur_2_2.jpg	178	256	170	0.783410138248848	0.30669194673350786	0.6958088631573923
Image_618.jpg	Image_618_scaled_104_crop_6_9_rot_2_blur_1_1.jpg	178	237	172	0.8289156626506025	0.34330419576214755	0.6138092365120095
Image_618.jpg	Image_618_scaled_104_crop_5_5_rot_353_blur_2_2.jpg	178	383	166	0.5918003565062389	0.2882310595149091	0.6645190450632362
Image_618.jpg	Image_618_scaled_100_crop_2_3_rot_3_blur_1_1.jpg	178	232	173	0.8439024390243902	0.33667798386286596	0.6464242969860218
Image_618.jpg	Image_618_scaled_94_crop_5_9_rot_10_blur_3_3.jpg	178	266	162	0.7297297297297297	0.25257069824898903	0.5412184052355492
Image_618.jpg	Image_618_scaled_94_crop_5_4_rot_350_blur_4_4.jpg	178	505	161	0.47144948755490484	0.2185750767476854	0.5374352757949096
Image_618.jpg	Image_618_scaled_98_crop_2_1_rot_357_blur_3_3.jpg	178	245	169	0.7990543735224587	0.27633144491382045	0.5800737421621894
Image_618.jpg	Image_618_scaled_94_crop_5_9_rot_10_blur_1_1.jpg	178	276	167	0.73568281938326	0.28055027808258537	0.5573671950060027
Image_618.jpg	Image_618_scaled_98_crop_8_2_rot_350_blur_3_3.jpg	178	513	166	0.4804630969609262	0.2568568758581097	0.5445249432521333
Image_618.jpg	Image_618_scaled_98_crop_2_1_rot_358_blur_3_3.jpg	178	201	169	0.8918205804749341	0.26577927415644154	0.5782123344302706
Image_618.jpg	Image_618_scaled_100_crop_3_6_rot_5_blur_1_1.jpg	178	243	172	0.8171021377672208	0.32698741491520245	0.6299487756725239
Image_618.jpg	Image_618_scaled_98_crop_8_2_rot_356_blur_1_1.jpg	178	303	170	0.7068607068607069	0.3005436213436733	0.5884320382664431
Image_618.jpg	Image_618_scaled_104_crop_6_3_rot_6_blur_1_1.jpg	178	238	170	0.8173076923076923	0.318893871267402	0.5902521882780342
Image_618.jpg	Image_618_scaled_104_crop_5_5_rot_7_blur_3_3.jpg	178	251	163	0.7599067599067599	0.253945708910317	0.5484751387082707
Image_618.jpg	Image_618_scaled_98_crop_3_7_rot_4_blur_1_1.jpg	178	237	169	0.8144578313253013	0.3192683359577314	0.5969696111913139
Image_618.jpg	Image_618_scaled_98_crop_1_7_rot_8_blur_2_2.jpg	178	268	166	0.7443946188340808	0.27607446296971594	0.6517778099699003
Image_618.jpg	Image_618_scaled_94_crop_5_4_rot_355_blur_1_1.jpg	178	337	169	0.6563106796116505	0.2716138188571463	0.5669234450973525
Image_618.jpg	Image_618_scaled_98_crop_1_7_rot_355_blur_3_3.jpg	178	332	167	0.6549019607843137	0.2741714274930718	0.5715641060793344
Image_618.jpg	Image_618_scaled_100_crop_1_4_rot_351_blur_2_2.jpg	178	455	168	0.5308056872037915	0.26512451598496145	0.670118994295889
Image_618.jpg	Image_618_scaled_94_crop_2_3_rot_350_blur_4_4.jpg	178	522	149	0.42	0.20278447059406857	0.5188243436831007
Image_618.jpg	Image_618_scaled_94_crop_5_9_rot_11_blur_2_2.jpg	178	270	164	0.7321428571428571	0.24941735033299417	0.6159252210294486
Image_618.jpg	Image_618_scaled_104_crop_3_6_rot_2_blur_1_1.jpg	178	232	175	0.8536585365853658	0.32238690158035566	0.6067545363603549
Image_618.jpg	Image_618_scaled_94_crop_6_6_rot_5_blur_4_4.jpg	178	227	160	0.7901234567901234	0.2374194942543537	0.5693739316701847
Image_618.jpg	Image_618_scaled_104_crop_3_6_rot_9_blur_2_2.jpg	178	286	165	0.7112068965517241	0.27584541786762706	0.6492473981271956
Image_618.jpg	Image_618_scaled_94_crop_2_3_rot_354_blur_3_3.jpg	178	365	166	0.6114180478821363	0.2646838169274691	0.5645789705144209
Image_618.jpg	Image_618_scaled_100_crop_3_6_rot_350_blur_3_3.jpg	178	509	167	0.4861717612809316	0.26438724237282585	0.5755799808660385
Image_618.jpg	Image_618_scaled_104_crop_6_3_rot_7_blur_2_2.jpg	178	268	167	0.7488789237668162	0.2943532981847158	0.6708442421151039
Image_618.jpg	Image_618_scaled_94_crop_5_9_rot_7_blur_4_4.jpg	178	251	159	0.7412587412587412	0.23164230333527036	0.5573039208340201
Image_618.jpg	Image_618_scaled_98_crop_2_1_rot_358_blur_1_1.jpg	178	207	173	0.8987012987012987	0.31750128444719006	0.6070890384157479
Image_618.jpg	Image_618_scaled_98_crop_2_1_rot_356_blur_1_1.jpg	178	280	171	0.7467248908296943	0.3222622033583784	0.6025741857289361
Image_618.jpg	Image_618_scaled_94_crop_5_4_rot_355_blur_4_4.jpg	178	332	162	0.6352941176470588	0.23608352116696818	0.5684026176265932
Image_618.jpg	Image_618_scaled_98_crop_1_7_rot_355_blur_4_4.jpg	178	324	159	0.6334661354581673	0.2340641130172918	0.5667606343624267
Image_618.jpg	Image_618_scaled_98_crop_3_7_rot_355_blur_2_2.jpg	178	335	168	0.6549707602339181	0.27978469760403657	0.6646141413334088
Image_618.jpg	Image_618_scaled_104_crop_6_3_rot_6_blur_3_3.jpg	178	233	166	0.8077858880778589	0.28177875908248007	0.5727491092125159
Image_618.jpg	Image_618_scaled_104_crop_5_5_rot_353_blur_3_3.jpg	178	389	165	0.582010582010582	0.27423710682363844	0.5634672322119559
Image_618.jpg	Image_618_scaled_104_crop_6_9_rot_8_blur_2_2.jpg	178	263	167	0.7573696145124716	0.29023122639591237	0.6618480239494591
Image_618.jpg	Image_618_scaled_94_crop_2_3_rot_7_blur_2_2.jpg	178	249	166	0.7775175644028103	0.2678301343799103	0.6515704112950688
Image_618.jpg	Image_618_scaled_100_crop_3_6_rot_353_blur_2_2.jpg	178	381	167	0.5974955277280859	0.28784308893406885	0.7005214938846993
Image_618.jpg	Image_618_scaled_98_crop_3_7_rot_4_blur_4_4.jpg	178	230	162	0.7941176470588235	0.24038505478858752	0.5750112533669908
Image_618.jpg	Image_618_scaled_104_crop_5_5_rot_353_blur_4_4.jpg	178	377	164	0.590990990990991	0.2428977054602095	0.5643110728505885
Image_618.jpg	Image_618_scaled_104_crop_6_3_rot_7_blur_1_1.jpg	178	260	167	0.7625570776255708	0.33276516087088204	0.5931973974704022
Image_618.jpg	Image_618_scaled_100_crop_3_6_rot_5_blur_2_2.jpg	178	237	169	0.8144578313253013	0.29052743092615807	0.709002083052346
Image_618.jpg	Image_618_scaled_104_crop_3_6_rot_355_blur_4_4.jpg	178	331	163	0.6404715127701375	0.23967664307946146	0.5679110402144365
Image_618.jpg	Image_618_scaled_100_crop_1_4_rot_351_blur_4_4.jpg	178	438	164	0.5324675324675324	0.23303415010668727	0.5765401941777031
Image_618.jpg	Image_618_scaled_98_crop_3_7_rot_4_blur_3_3.jpg	178	227	166	0.8197530864197531	0.26280279790247973	0.5663504623177329
Image_618.jpg	Image_618_scaled_104_crop_3_6_rot_9_blur_4_4.jpg	178	273	161	0.7139689578713969	0.24582774365227766	0.563174542913487
Image_618.jpg	Image_618_scaled_100_crop_2_1_rot_353_blur_1_1.jpg	178	376	170	0.6137184115523465	0.3337305545241126	0.6314323884945354
Image_618.jpg	Image_618_scaled_98_crop_3_7_rot_11_blur_1_1.jpg	178	279	168	0.7352297592997812	0.2838016824639332	0.556725572700636
Image_618.jpg	Image_618_scaled_94_crop_5_9_rot_11_blur_3_3.jpg	178	270	161	0.7142857142857143	0.23573292305028137	0.5249056946569772
Image_618.jpg	Image_618_scaled_104_crop_6_9_rot_8_blur_4_4.jpg	178	258	159	0.7293577981651376	0.2430849378053742	0.5627279234656337
Image_618.jpg	Image_618_scaled_100_crop_2_3_rot_359_blur_1_1.jpg	178	193	174	0.9380053908355795	0.35587003929104066	0.6655699143523028
Image_618.jpg	Image_618_scaled_98_crop_3_7_rot_353_blur_2_2.jpg	178	377	168	0.6054054054054054	0.28970116644640964	0.6678087469697315
